112680
274560
131160
21840
112440
407680
273520
292240
299520
583440
255840
252720
277680
274560
296400
302640
239200
304720
294320
323440
308880
502320
299520
425360
300560
277680
280800
318240
330720
411840
464880
358800
243360
276640
289120
293280
268320
318240
287040
255840
208000
46800
40560
31200
24960
56160
212160
81120
109200
171600
87360
237120
18720
31200
3120
96720
12480
92560
72800
87360
258960
115440
171600
28080
262080
92560
85280
61360
46800
269360
152880
208000
79040
40560
112320
43680
9360
43680
18720
12480
40560
124800
78000
202800
159120
106080
34320
122720
136240
162240
12480
56160
37440
59280
102960
253760
183040
96720
299520
371280
336960
290160
28080
46800
127920
112320
59280
117520
79040
30160
319280
118560
109200
46800
31200
168480
34320
143520
21840
28080
21840
49920
12480
124800
65520
148720
60320
71760
78000
332800
357760
76960
112320
255840
299520
280800
268320
255840
276640
295360
274560
262080
271440
227760
374400
282880
323440
481520
280800
299520
255840
465920
474240
314080
255840
245440
324480
289120
224640
262080
331760
342160
243360
295360
269360
292240
305760
224640
265200
134160
145600
116480
42640
82160
49920
59280
28080
44720
48880
65520
137280
37440
124800
355680
224640
115440
49920
144560
211120
168480
87360
152880
302640
280800
287040
303680
258960
50960
291200
224640
202800
199680
137280
112320
196560
37440
74880
67600
113360
37440
12480
156000
21840
21840
62400
55120
253760
241280
296400
265200
433680
268320
281840
272480
296400
336960
262080
293280
347360
314080
357760
294320
466960
310960
380640
308880
192400
185120
295360
109200
174720
65520
99840
31200
137280
28080
56160
56160
156000
168480
321360
237120
53040
102960
15600
36400
32240
49920
37440
18720
0
68640
65520
78000
61360
75920
56160
53040
34320
49920
171600
109200
308880
59280
134160
53040
174720
287040
146640
109200
40560
21840
34320
230880
159120
68640
49920
122720
123760
87360
71760
23920
1040
31200
24960
18720
3120
21840
18720
28080
34320
12480
0
149760
70720
110240
56160
37440
62400
62400
31200
18720
43680
56160
68640
37440
56160
49920
37440
49920
266240
139360
18720
59280
59280
49920
61360
194480
115440
143520
202800
74880
180960
87360
43680
352560
209040
87360
37440
40560
28080
34320
59280
87360
143520
201760
82160
71760
31200
15600
21840
3120
53040
0
97760
126880
62400
89440
54080
31200
0
59280
101920
125840
43680
56160
190320
68640
9360
34320
56160
78000
187200
99840
12480
68640
135200
133120
184080
84240
56160
99840
9360
15600
56160
106080
24960
24960
143520
81120
187200
31200
15600
9360
24960
56160
56160
56160
40560
137280
93600
3120
0
49920
71760
137280
28080
37440
137280
68640
24960
0
21840
78000
59280
40560
24960
12480
56160
65520
78000
43680
93600
53040
46800
68640
68640
128960
244400
242320
27040
243360
237120
187200
62400
65520
66560
45760
55120
119600
40560
81120
56160
30160
50960
37440
74880
0
12480
0
0
0
81120
18720
0
34320
40560
0
9360
71760
246480
246480
74880
0
15600
20800
172640
68640
109200
49920
37440
12480
68640
81120
21840
9360
0
0
0
0
18720
56160
81120
24960
67600
69680
0
12480
43680
3120
46800
12480
49920
118560
255840
31200
12480
62400
0
0
0
43680
15600
40560
68640
143520
118560
12480
210080
249600
256880
225680
242320
225680
143520
137280
224640
193440
149760
74880
166400
92560
39520
44720
43680
71760
53040
24960
131040
76960
85280
12480
18720
64480
72800
12480
0
100880
36400
56160
31200
56160
40560
102960
81120
241280
164320
12480
62400
24960
0
0
18720
0
56160
53040
122720
48880
87360
18720
21840
21840
31200
12480
18720
24960
31200
56160
43680
31200
18720
46800
56160
277680
171600
162240
143520
74880
70720
83200
64480
109200
118560
74880
24960
24960
37440
102960
102960
75920
252720
52000
24960
146640
89440
141440
211120
63440
130000
116480
137280
137280
119600
392080
236080
244400
78000
140400
134160
87360
491920
97760
78000
134160
18720
46800
71760
78000
34320
93600
31200
12480
146640
175760
95680
185120
98800
71760
134160
34320
34320
254800
218400
60320
87360
19760
105040
63440
61360
62400
62400
74880
37440
43680
50960
186160
68640
46800
85280
61360
205920
131040
65520
34320
81120
61360
75920
96720
62400
28080
187200
0
0
43680
0
0
12480
74880
293280
12480
28080
15600
12480
18720
31200
12480
31200
0
124800
109200
40560
23920
50960
12480
37440
12480
21840
15600
34320
43680
15600
43680
78000
46800
106080
90480
84240
112320
115440
74880
40560
87360
24960
24960
202800
87360
56160
176800
57200
56160
40560
46800
112320
171600
46800
124800
75920
94640
29120
49920
34320
53040
56160
12480
46800
144560
189280
112320
87360
34320
418080
248560
257920
227760
246480
306800
276640
275600
270400
263120
299520
294320
268320
46800
101920
213200
168480
74880
31200
24960
0
24960
12480
18720
74880
38480
42640
134160
271440
271440
298480
339040
252720
302640
249600
435760
588640
109200
253760
156000
109200
112320
134160
112320
131040
40560
93600
84240
53040
27040
50960
53040
78000
59280
78000
137280
102960
21840
68640
140400
121680
111280
82160
69680
105040
62400
171600
296400
121680
96720
118560
165360
102960
90480
17680
60320
112320
127920
78000
124800
230880
106080
168480
28080
31200
59280
99840
222560
111280
156000
216320
248560
130000
287040
250640
255840
39520
88400
177840
60320
164320
56160
31200
34320
15600
18720
115440
231920
111280
59280
42640
63440
93600
138320
133120
122720
73840
68640
81120
99840
112320
18720
0
81120
268320
265200
266240
270400
90480
34320
31200
62400
28080
40560
36400
35360
12480
12480
102960
121680
62400
116480
95680
74880
12480
145600
232960
330720
236080
46800
127920
159120
147680
76960
24960
162240
87360
78000
118560
21840
96720
159120
137280
45760
122720
218400
81120
24960
74880
58240
185120
84240
84240
120640
60320
74880
110240
67600
59280
74880
209040
109200
65520
137280
59280
46800
40560
106080
81120
87360
37440
43680
56160
218400
56160
2080
91520
37440
131040
49920
23920
119600
43680
184080
59280
0
49920
221520
411840
270400
323440
246480
232960
225680
268320
277680
322400
208000
5200
37440
29120
17680
215280
43680
37440
31200
15600
96720
40560
65520
83200
110240
24960
24960
37440
43680
37440
31200
12480
0
18720
0
0
0
0
0
0
0
0
9360
21840
12480
0
20800
41600
31200
24960
31200
62400
81120
65520
96720
12480
12480
43680
24960
3120
144560
36400
66560
23920
59280
28080
112320
59280
46800
53040
46800
31200
75920
80080
21840
59280
81120
74880
163280
76960
53040
12480
186160
107120
64480
100880
193440
49920
127920
65520
127920
46800
109200
68640
37440
18720
37440
24960
27040
38480
78000
19760
98800
24960
37440
106080
46800
3120
24960
31200
53040
106080
40560
34320
21840
23920
175760
84240
109200
32240
55120
12480
21840
15600
68640
15600
112320
109200
131040
156000
246480
21840
96720
46800
243360
131040
89440
104000
83200
60320
43680
177840
74880
37440
90480
62400
199680
134160
59280
24960
49920
18720
112320
49920
31200
30160
91520
21840
24960
3120
71760
43680
34320
34320
24960
37440
65520
34320
131040
21840
28080
24960
71760
115440
18720
53040
263120
70720
96720
31200
140400
43680
62400
24960
68640
46800
121680
56160
78000
40560
140400
209040
162240
149760
65520
288080
273520
184080
68640
87360
43680
31200
74880
193440
255840
106080
62400
56160
280800
12480
34320
177840
94640
36400
69680
17680
49920
76960
91520
62400
38480
165360
170560
24960
124800
388960
447200
249600
124800
87360
71760
124800
184080
347360
220480
62400
65520
106080
65520
56160
62400
18720
12480
24960
49920
0
24960
24960
49920
56160
24960
74880
56160
18720
43680
56160
121680
21840
31200
56160
12480
253760
108160
84240
73840
111280
101920
18720
59280
43680
62400
136240
47840
93600
213200
39520
12480
180960
50960
57200
63440
84240
62400
93600
68640
43680
55120
50960
115440
321360
59280
65520
133120
66560
257920
185120
40560
258960
188240
39520
117520
198640
52000
71760
240240
152880
99840
131040
296400
262080
70720
104000
9360
127920
31200
68640
115440
59280
90480
114400
38480
71760
37440
81120
71760
213200
276640
212160
21840
68640
134160
156000
37440
118560
96720
211120
79040
93600
74880
102960
121680
43680
344240
268320
240240
185120
44720
127920
31200
102960
84240
81120
56160
34320
115440
49920
350480
179920
237120
255840
131040
202800
240240
31200
62400
151840
66560
168480
96720
263120
45760
252720
219440
245440
90480
28080
15600
53040
98800
100880
242320
379600
170560
199680
49920
49920
43680
87360
28080
258960
104000
186160
159120
124800
165360
71760
137280
65520
53040
37440
187200
65520
115440
12480
24960
3120
49920
83200
38480
74880
0
93600
118560
49920
0
0
31200
12480
18720
0
24960
56160
24960
28080
15600
12480
18720
0
21840
3120
49920
62400
303680
361920
151840
106080
62400
46800
21840
93600
62400
147680
61360
74880
121680
74880
168480
49920
205920
156000
230880
132080
67600
140400
114400
119600
174720
145600
200720
96720
107120
236080
93600
124800
84240
71760
0
21840
56160
81120
40560
71760
109200
74880
106080
37440
74880
37440
87360
49920
93600
0
12480
49920
12480
12480
12480
12480
12480
46800
72800
248560
266240
226720
87360
156000
68640
40560
140400
68640
137280
37440
93600
206960
55120
37440
62400
65520
140400
218400
106080
128960
20800
33280
119600
191360
145600
71760
33280
162240
116480
36400
128960
72800
76960
40560
109200
3120
87360
87360
112320
53040
62400
90480
87360
62400
130000
288080
344240
208000
78000
152880
112320
59280
22880
95680
40560
34320
225680
358800
262080
255840
384800
331760
271440
249600
516880
469040
287040
305760
249600
277680
336960
399360
294320
404560
616720
757120
343200
267280
282880
282880
263120
261040
356720
272480
283920
283920
305760
312000
313040
298480
56160
31200
43680
59280
65520
143520
184080
183040
210080
46800
71760
109200
30160
44720
177840
290160
475280
477360
457600
249600
81120
159120
65520
106080
55120
290160
128960
112320
299520
87360
84240
62400
215280
112320
81120
68640
184080
271440
262080
243360
243360
266240
265200
277680
268320
308880
86320
81120
43680
0
24960
96720
52000
235040
59280
53040
277680
230880
24960
255840
99840
12480
37440
97760
114400
115440
56160
71760
59280
78000
40560
53040
31200
12480
43680
21840
34320
37440
3120
140400
30160
69680
193440
0
33280
85280
112320
106080
59280
102960
53040
81120
68640
95680
72800
127920
31200
31200
218400
43680
21840
34320
90480
319280
305760
237120
203840
75920
46800
56160
127920
59280
80080
60320
115440
196560
219440
55120
24960
124800
21840
31200
34320
59280
31200
34320
59280
78000
281840
314080
62400
49920
15600
117520
292240
161200
137280
49920
71760
84240
28080
9360
18720
14560
85280
56160
12480
24960
28080
21840
87360
49920
59280
102960
49920
18720
31200
274560
168480
302640
59280
59280
3120
24960
87360
165360
84240
112320
31200
12480
162240
74880
49920
65520
61360
79040
56160
78000
53040
78000
118560
133120
300560
196560
102960
65520
121680
243360
59280
56160
18720
40560
37440
49920
31200
93600
74880
24960
24960
12480
106080
224640
258960
84240
71760
34320
93600
105040
100880
31200
12480
24960
43680
31200
37440
43680
49920
31200
12480
21840
65520
74880
12480
0
56160
31200
24960
84240
21840
31200
37440
32240
61360
62400
49920
78000
28080
46800
28080
31200
24960
18720
18720
162240
12480
12480
24960
43680
45760
18720
85280
59280
78000
49920
81120
49920
140400
43680
53040
49920
87360
0
81120
18720
31200
24960
30160
132080
43680
21840
9360
78000
112320
53040
24960
12480
12480
74880
18720
24960
20800
0
