493360
2786720
2393160
2362880
2474280
2673960
2652000
2748720
2893280
2761200
2649920
2876640
2580240
2639520
2823600
2695680
2765360
2750800
2653040
2776800
2792400
2686320
2726880
2756000
2995200
2900560
2955680
2840240
3039920
2881840
2997280
2945280
3046160
2883920
2953600
2906800
2789280
2881840
2679040
2735200
2837120
2581280
2759120
2904720
2932800
2890160
2888080
2971280
2794480
2794480
2806960
2803840
2728960
2753920
2542800
2909920
2636400
2748720
2568800
2475200
2546960
2631200
2428400
2656160
2549040
2893280
2757040
2745600
2631200
2853760
2842320
2952560
2804880
2736240
2865200
2576080
2658240
2704000
2698800
2629120
2490800
2454400
2890160
2740400
2870400
2865200
2812160
2616640
2705040
2663440
2747680
2571920
2614560
2813200
2815280
2771600
2725840
2724800
2537600
2641600
2353520
2777840
2675920
2712320
2701920
2678000
2825680
2525120
2589600
2673840
2511600
2488720
2541760
2546960
2449200
2218320
2398240
2607280
2199600
2697760
2711280
2637440
2615600
2775760
2602080
2702960
2785120
2777840
3105440
2751840
2979600
2722720
2822560
2915120
2981680
2705040
2791360
2760160
2920320
2841280
2887040
2724800
2784080
3035760
2866240
2721680
2649920
2730000
2586480
2659280
2531360
2415920
2552160
2549040
2653040
2587520
2454400
2435680
2544880
2609360
2624960
2830880
2810080
2764320
2760160
2522000
2704000
2604160
2640560
2536560
2464800
2683200
2751840
2695680
2602080
2528240
2595840
2702960
2681120
2646800
2631200
2635360
2705040
2658240
2640560
2684240
2620800
2591680
2727920
2798640
2762240
2692560
2643680
2735200
2901600
2487680
2685280
2726880
2613520
2653040
2483520
2319200
2395120
2485600
2883920
2675920
2689440
2882880
2569840
2846480
2891200
2737280
2794480
2722720
2733120
2796560
2862080
2926560
2832960
2849600
2881840
2759120
2709200
2862080
2659280
2535520
2893280
2844400
2778880
2779920
2851680
2875600
2660320
2853760
2738320
2542800
2661360
2927600
2674880
2916160
2871440
2682160
2669680
2687360
2554240
2803840
2825680
2938000
2765360
2875600
2682160
2588560
2956720
2646800
2763280
2585440
2711280
2969200
2915120
2842320
2828800
2708160
2860000
2774720
2917200
2769520
2904720
2826720
2695680
2546960
2378480
2508480
2826720
2684240
2734160
2757040
2676960
2548000
2717520
2544880
2580240
2719600
2695680
2830880
2780960
2564640
2830880
2798640
2748720
2879760
2947360
2875600
2899520
2939040
2774720
2849600
2822560
2782000
2672800
2589600
2601040
2768480
2691520
2666560
2657200
2498080
2551120
2669680
2579200
2679040
2742480
2745600
2582320
2837120
2620800
2787200
2945280
2754960
2730000
2813200
2891200
2901600
2901600
2865200
2666560
2912000
2739360
2765360
2816320
2951520
2975440
2887040
2851680
2886000
2957760
2790320
2848560
2685280
2838160
2734160
2585440
2928640
2646800
2716480
2692560
2838160
2737280
2922400
2932800
2670720
2780960
2829840
2794480
2708160
2622880
2693600
2635360
2857920
2799680
2848560
2786160
2740400
2786160
2857920
2829840
2652000
2867280
2912000
2710240
2734160
2790320
2939040
2898480
2837120
2884960
2962960
2802800
2689440
2685280
2468960
2722720
2432560
2533440
2667600
2540720
2497040
2613520
2657200
2799680
2557360
2634320
2569840
2657200
2633280
2681120
2735200
2864160
2957760
2864160
2814240
2706080
2840240
2749760
2841280
2696720
2742480
2744560
2883920
2890160
2840240
2941120
2843360
2827760
2858960
2662400
2620800
2762240
2711280
2858960
2843360
2866240
2675920
2722720
2904720
2802800
2719600
2880800
2939040
2723760
2933840
2667600
2811120
2643680
2726880
2883920
2871440
2899520
2811120
2855840
2997280
2954640
2720640
2593760
2655120
2947360
2517840
2893280
2873520
2666560
2610400
2706080
2737280
2805920
2848560
2617680
2839200
2705040
2742480
2783040
2791360
2965040
2743520
2526160
2583360
2763280
2615600
2733120
2769520
2816320
2923440
3036800
2907840
2824640
2972320
2948400
2872480
2854800
2775760
2961920
2893280
3058640
3109600
2969200
2843360
3091920
2819440
2952560
2961920
2850640
2855840
2903680
2936960
2902640
2844400
2683200
2869360
2752880
2753920
2790320
2776800
2792400
2782000
2904720
2789280
2853760
2615600
2829840
2637440
2816320
2821520
2697760
2872480
2814240
2835040
2644720
2723760
2617680
2558400
2857920
2621840
2786160
2756000
2754960
2905760
2868320
2718560
2631200
2738320
2765360
2933840
2620800
2684240
2711280
2878720
2979600
2788240
2745600
2839200
2895360
2917200
2754960
2448160
2819440
2964000
2945280
3069040
2805920
2765360
2944240
2910960
2621840
2693600
2649920
2921360
2950480
2792400
2691520
2649920
2741440
2858960
2901600
2864160
2773680
2948400
2726880
2785120
2653040
2996240
2770560
2912000
2853760
2877680
2904720
2785120
2753920
2667600
2817360
2701920
2782000
2918240
2812160
2844400
2890160
2847520
2894320
2678000
2632240
2740400
2857920
2854800
2650960
2778880
2712320
2717520
2439840
2531360
2771600
2712320
2811120
2633280
2847520
2778880
2658240
2814240
2798640
2799680
2555280
2861040
2892240
2796560
2870400
2862080
2834000
2848560
2470000
2737280
2612480
2788240
2814240
2952560
2944240
2714400
2853760
2670720
2931760
2819440
2760160
2799680
2722720
2730000
2640560
2649920
2742480
2546960
2688400
2848560
2776800
2800720
2960880
2726880
2687360
2621840
2608320
2851680
2733120
2835040
2809040
2536560
2456480
2611440
2769520
2750800
2562560
2606240
2708160
2451280
2489760
2773680
2639520
2680080
2668640
2716480
2751840
2672800
2667600
2799680
2588560
2691520
2889120
2991040
2820480
2757040
2922400
2668640
2764320
2629120
2381600
2552160
2685280
2711280
2823600
2891200
2702960
2586480
2724800
2667600
2628080
2688400
2916160
2695680
2389920
2270320
2252640
2548000
2409680
2367040
2579200
2554240
2549040
2485600
2383680
2486640
2660320
2844400
2682160
2637440
2493920
2727920
2762240
2797600
2940080
2854800
2541760
2665520
2401360
2342080
2449200
2461680
2516800
2541760
2535520
2719600
2680080
2385760
2369120
2736240
2776800
2684240
2604160
2701920
2761200
2721680
2566720
2613520
2503280
2194400
2610400
2549040
2540720
2750800
2828800
2724800
2685280
2615600
2748720
2884960
2568800
2687360
2595840
2802800
2825680
2826720
2675920
2672800
2501200
2734160
2534480
2623920
2699840
2845440
2733120
2726880
2775760
2606240
2712320
2635360
2673840
2765360
2740400
2772640
2669680
2753920
2790320
2681120
2665520
2538640
2646800
2820480
2785120
2719600
2695680
2584400
2700880
2561520
2530320
2282800
2212080
2301520
2338960
2436720
2470000
2394080
2529280
2525120
2635360
2502240
2486640
2733120
2718560
2321280
2603120
2673840
2656160
2753920
2827760
2731040
2517840
2760160
2753920
2846480
2558400
2481440
2550080
2612480
2709200
2607280
2810080
2701920
2663440
2771600
2770560
2747680
2802800
2717520
2784080
2641600
2574000
2419040
2545920
2610400
2890160
2702960
2667600
2723760
2777840
2863120
2773680
2922400
2879760
3033680
2732080
2827760
2806960
2693600
2791360
2730000
2681120
2659280
2723760
2714400
2756000
2805920
2907840
2841280
2661360
2618720
2718560
2811120
2707120
2862080
2523040
2702960
2600000
2614560
2760160
2683200
2783040
2545920
2455440
2613520
2728960
2695680
2795520
2558400
2354560
2543840
2481440
2575040
2295280
2505360
2514720
2813200
2832960
2808000
2646800
2944240
2686320
2683200
2740400
2803840
2754960
2708160
2822560
2771600
2775760
2508480
2516800
2828800
2665520
2612480
2832960
2940080
2960880
2891200
2707120
2818400
2871440
2828800
2646800
2838160
2846480
2696720
2712320
2849600
2820480
2754960
2805920
2993120
2793440
2874560
2916160
2694640
2692560
2829840
2665520
3028480
2837120
2995200
2891200
2892240
2880800
2868320
2789280
3018080
2732080
2954640
2919280
2901600
2757040
2891200
2843360
2846480
2898480
2871440
2776800
2713360
2550080
2394080
2702960
2777840
2902640
2994160
2777840
2865200
2708160
2934880
2803840
3012880
2843360
2844400
2882880
2924480
2773680
2698800
2751840
2845440
2665520
2437760
2543840
2718560
2757040
2670720
2690480
2819440
2842320
2533440
2567760
2947360
2665520
2774720
2680080
2569840
2424240
2507440
2639520
2760160
2892240
2970240
3042000
2845440
2944240
2967120
2899520
2766400
2891200
2654080
2748720
2809040
2797600
2908880
2930720
2890160
2791360
2748720
2788240
2535520
2751840
2634320
2792400
2792400
2795520
2577120
2827760
2813200
2673840
2894320
2899520
2977520
2799680
2976480
2896400
2834000
2804880
2723760
2797600
3003520
2855840
2899520
2718560
2814240
2393040
2707120
2803840
2782000
2813200
2913040
2825680
2589600
2896400
2821520
2832960
2713360
2773680
2912000
2924480
2844400
2681120
2792400
2817360
2932800
2745600
2867280
2674880
2979600
2886000
2785120
2720640
2730000
2774720
2793440
2722720
2737280
2587520
2649920
2694640
2612480
2534480
2809040
2655120
2692560
2535520
2675920
2895360
2754960
2894320
2560480
2614560
2938000
2927600
2798640
2891200
2870400
2836080
2736240
2820480
2837120
2667600
2837120
2769520
2731040
2812160
2900560
2811120
2990000
2816320
2770560
2869360
2947360
3025360
2972320
2868320
2773680
2905760
2743520
2955680
2909920
2695680
2688400
2506400
2899520
2883920
2681120
2765360
2793440
2722720
2998320
2984800
2707120
2831920
2957760
2741440
2770560
2697760
2796560
2669680
2789280
2710240
2747680
2837120
2882880
2801760
2793440
2675920
2539680
2410720
2296320
2683200
2699840
2707120
2700880
2683200
2623920
2632240
2689440
2852720
2666560
2671760
2687360
2639520
2546960
2459600
2500160
2764320
2565680
2741440
2684240
2355600
2519920
2801760
2580240
2612480
2450240
2606240
2734160
2674880
2665520
2792400
2902640
2883920
2836080
2873520
2860000
2779920
2640560
2637440
2970240
2640560
2811120
2883920
2948400
2998320
2696720
2824640
2771600
2593760
2851680
2867280
2939040
2965040
2721680
2748720
2814240
2838160
2757040
2731040
2879760
2595840
2929680
2536560
2595840
2923440
2741440
2795520
2863120
2838160
2867280
2817360
2706080
2820480
3035760
2806960
2830880
2734160
2854800
2855840
2804880
2812160
2868320
2819440
2832960
2814240
2665520
2542800
2692560
2376400
2525120
2616640
2707120
2470000
2524080
2455440
2488720
2695680
2760160
2572960
2733120
2610400
2643680
2670720
2701920
2660320
2713360
2546960
2715440
2772640
2704000
2589600
2848560
2777840
2557360
2624960
2449200
2519920
2472080
2352480
2619760
2670720
2778880
2571920
2983760
2862080
2664480
2843360
2772640
3018080
3005600
2901600
2912000
2794480
2876640
2650960
2990000
2988960
2888080
2794480
2941120
2930720
2708160
2965040
2799680
2864160
2882880
2770560
2890160
2860000
2946320
2878720
2950480
2993120
3013920
2881840
2938000
2877680
2960880
2892240
2816320
2962960
2828800
2919280
2914080
2948400
2969200
2918240
3059680
2762240
2856880
2970240
2876640
2922400
2758080
2752880
2924480
2985840
2909920
2891200
2695680
2836080
2711280
2628080
2778880
2708160
2852720
2852720
2700880
2849600
3033680
2800720
2804880
2792400
2874560
2779920
2716480
2748720
2652000
2791360
2850640
2675920
2869360
2745600
2961920
2875600
2917200
2785120
2821520
2766400
2791360
2980640
2984800
2795520
2733120
2792400
2750800
2959840
2977520
2839200
2791360
2777840
2847520
2814240
2914080
2678000
2506400
2510560
2799680
2815280
2555280
2661360
2789280
2767440
2654080
2819440
2774720
2774720
2731040
2662400
2462720
2389920
2471040
2609360
2750800
2785120
2940080
2850640
2718560
2726880
2924480
2784080
2699840
2570880
2602080
2563600
2433600
2381600
2566720
2742480
2688400
2644720
2672800
2687360
2711280
2818400
2825680
2739360
2801760
2843360
2913040
2879760
2795520
2857920
2768480
2757040
2752880
2881840
2636400
2558400
2866240
2775760
2806960
2884960
2872480
2596880
2743520
2768480
2623920
2621840
2740400
2757040
2647840
2721680
2550080
2954640
2774720
2877680
2881840
2751840
2658240
2769520
2456480
2536560
2578160
2768480
2686320
2728960
2892240
2761200
2895360
2882880
3002480
2698800
2790320
2691520
2480400
2615600
2621840
2804880
2814240
2783040
2829840
2935920
2737280
2748720
2545920
2876640
2585440
2640560
2473120
2617680
2722720
2800720
2746640
2622880
2930720
2772640
2702960
2636400
2644720
2694640
2644720
2623920
2455440
2453360
2560480
2631200
2539680
2722720
2706080
2745600
2802800
2670720
2657200
2716480
2708160
2796560
2617680
2544880
2099760
2460640
2239120
2330640
2230800
2486640
2498080
2255760
2621840
2466880
2541760
2622880
2411760
2517840
2550080
2427360
2700880
2740400
2652000
2733120
2940080
2747680
2908880
2874560
2929680
2872480
2792400
2901600
2778880
2926560
2923440
2794480
2896400
2951520
2857920
2745600
2664480
2891200
2834000
2672800
2770560
2675920
2714400
2712320
2767440
2890160
2672800
2782000
2858960
2749760
2584400
2660320
2534480
2694640
2806960
2814240
2771600
2837120
2869360
2662400
2764320
2810080
2702960
2371200
2413840
2737280
2605200
2424240
2590640
2598960
2617680
2548000
2717520
2498080
2571920
2673840
2342080
2540720
2879760
2953600
2810080
2694640
2641600
2613520
2430480
2719600
2534480
2319200
2733120
2770560
2792400
2621840
2725840
2578160
2437760
2492880
2551120
2621840
2646800
2597920
2440880
2538640
2561520
2780960
2635360
2744560
2758080
2793440
2874560
2560480
2603120
2802800
2720640
2794480
2783040
2880800
2669680
2648880
2803840
2892240
2961920
2747680
2770560
2604160
2700880
2628080
2776800
2695680
2752880
2769520
2741440
2718560
2674880
2663440
2831920
2786160
2674880
2642640
2705040
2686320
2774720
2705040
2708160
2620800
2960880
2610400
2831920
2643680
2836080
2720640
2628080
2621840
2714400
2702960
2453360
2404480
2566720
2461680
2716480
2575040
2777840
2814240
2596880
2550080
2749760
2600000
2715440
2811120
2792400
2727920
2727920
2799680
2608320
2427360
2333760
2291120
2563600
2602080
2697760
2550080
2674880
2723760
2635360
2711280
2315040
2584400
2775760
2597920
2362880
2257840
2280720
2709200
2617680
2484560
2426320
2579200
2397200
2574000
2629120
2496000
2433600
2609360
2640560
2448160
2549040
2863120
2881840
2794480
2950480
2810080
2838160
2660320
2512640
2693600
2516800
2604160
2524080
2746640
2706080
2787200
2922400
2767440
2655120
2808000
2931760
2973360
2773680
2926560
3007680
2882880
2765360
2783040
2934880
2685280
2941120
2693600
2848560
2956720
2830880
2956720
2848560
2784080
2902640
2818400
2795520
2778880
2789280
2693600
2460640
2676960
2735200
2811120
2869360
2737280
2912000
2762240
2613520
2685280
2660320
2923440
2991040
2743520
2756000
2692560
2618720
2771600
2761200
2691520
2846480
2725840
2810080
2861040
3085680
2856880
2834000
2784080
2850640
2720640
2820480
2717520
2874560
2887040
2749760
2723760
2868320
2692560
2886000
2626000
2910960
2839200
2712320
3060720
2718560
2812160
2685280
2767440
2785120
2578160
2914080
2881840
2799680
2840240
2682160
2652000
2682160
0
