2002760
4193840
3910880
3774280
3967360
3908240
3982120
3764680
3935000
3907680
3854440
3935280
3940680
3791800
3890160
3857600
3824840
3901760
3955240
3821480
3836320
3987000
3814000
3842920
4019240
3839600
3819320
4016160
3807320
3910720
3854880
3884560
3928200
3846560
3913520
3843000
3963240
3795520
3911560
3937520
3779800
3950200
3981960
3750480
3930280
3942400
3826640
3913640
3911320
3878320
3817480
3992840
3839920
3840080
3987240
3844000
3833480
3922760
3941520
3785000
3980120
3807640
3844120
4005400
3768400
3983400
3872440
3810880
3972280
3849880
3846680
3945440
3883080
3894640
3971240
3783560
3944880
3937200
3779760
3964120
3828400
3950440
3812560
3879520
3950240
3788040
3974480
3825600
3845320
3983080
3860520
3847400
3903960
3895760
3875680
3890280
3853120
3975400
3883640
3824520
3966200
3864680
3858800
3893880
3935040
3847720
3815280
4001560
3807200
3905200
3952280
3874840
3970160
3761360
4011040
3860800
3844160
4011880
3736280
3967640
3848040
3892400
3972400
3845920
3911560
3861800
3906080
3949520
3813360
3926680
3883560
3836640
3972720
3834680
3879560
3974320
3803320
3942320
3879760
3904120
3862520
3873920
3981240
3761800
3877880
3947400
3842880
3878720
3981400
3818840
3929000
3890080
3925080
3829600
3895040
3981760
3803240
3846480
3997160
3787400
3992000
3858080
3811120
3986360
3783080
4009280
3809960
3879080
3922040
3789000
4038520
3764160
3913920
3953200
3830720
3865480
3883880
3879120
3906320
3833680
3862040
3926360
3899000
3892840
3905440
3845840
3889120
3984680
3756000
4003840
3854720
3853320
3955560
3822880
3899240
3934720
3809680
3979240
3787280
3888040
3915160
3819760
3926360
3951640
3818080
3890120
3888720
3854040
3955640
3833840
3880680
3932520
3843960
3944240
3837440
3851440
3957000
3811960
3865760
3963400
3852200
3849120
3957360
3847440
3804480
3963040
3895480
3861000
3832360
3919920
3875640
3786480
4029320
3820840
3845280
3947080
3855160
3835200
3942360
3861920
3801760
3981000
3862640
3830560
3947320
3903520
3772760
3986600
3850320
3796960
3997120
3759680
3941040
3928560
3803760
3886720
3891920
3809560
3981680
3829200
3889040
3882640
3842600
3930840
3816080
3875920
3955680
3802080
3886680
3924080
3770320
3948680
3912640
3840560
3821480
3975640
3780720
3899280
3933840
3818920
3846520
3891080
3834560
3964240
3811960
3846880
3956000
3823360
3873920
3926640
3799320
3945960
3865240
3787560
3964160
3865360
3801680
3997000
3811680
3898840
3854160
3909120
3934320
3774320
3958240
3936720
3760360
4037480
3767280
3954680
3935160
3776800
3997000
3866480
3881880
3943520
3852600
3884360
3894800
3902480
3837560
3920120
3928880
3779320
4025400
3843320
3860520
3976040
3807800
3876520
4003840
3803840
3906560
3945480
3761120
3967880
3902480
3882320
3896000
3795080
3985720
3823760
3894280
3960360
3823960
3930080
3812640
3966720
3920400
3778640
3931880
3938600
3777280
3892720
3967080
3775480
3975720
3847120
3832240
4017280
3776360
3838560
4039480
3784520
3868680
3924320
3805840
3954480
3886880
3895720
3885920
3865840
3979000
3781680
3928920
3901200
3839080
3840760
3953960
3838160
3819840
3973400
3790200
3949320
3925640
3887720
3804560
3944360
3895160
3783520
3966520
3881000
3847240
3982840
3838360
3824560
3923400
3904280
3777360
3936920
3914520
3827880
3982360
3843240
3800960
3979960
3776680
3957600
3908880
3844680
3888960
3912760
3827560
3982040
3883760
3827520
4015840
3814280
3848480
3933520
3804480
3952280
3888000
3789440
4038360
3771600
3910640
3929080
3750160
3989680
3858760
3815360
3968840
3840120
3896600
3920720
3891240
3849800
3935040
3921640
3831840
3967760
3779120
3900760
3924800
3827720
3890720
3918040
3807680
3928840
3849440
3867840
3921880
3843440
3910760
3827720
3982040
3845160
3909280
3985920
3820200
3856040
3950680
3894360
3807640
3979400
3847520
3793200
4002400
3805000
3894280
3913600
3783040
3993680
3854680
3824400
3959120
3776280
3947440
3916280
3806520
3965280
3865920
3847840
3952040
3877080
3867080
3903520
3896360
3874360
3879000
3977840
3805640
3846920
4008320
3749600
3952200
3896920
3891920
3933720
3812600
3893520
3925160
3875960
3846880
3935320
3882800
3920680
3816880
3899640
3862840
3905440
3901440
3885040
3842800
3826960
3929360
3867080
3858400
3910480
3815840
3971480
3763680
3950840
3865080
3822080
3967680
3843520
3895840
3999560
3842440
3918960
3873800
3969520
3796160
3973680
3868120
3891000
3939240
3893280
3915920
3846800
3924000
3815480
3914520
3923840
3818400
3965880
3840520
3823480
3952160
3797840
3968120
3880360
3789640
4013720
3856640
3806240
3970000
3851440
3894520
3825080
3929720
3942920
3861040
3838040
3955800
3830240
3875200
3926840
3836720
3893640
3936320
3831240
3947800
3849440
3819320
3978320
3825120
3856560
3934320
3911200
3817520
3938880
3943120
3885440
3835000
3933720
3844440
3889160
3916560
3811840
3909440
3909400
3883120
3866800
3886360
3830040
4027760
3788360
3908440
3923040
3856000
3956480
3878840
3849800
3851400
3945440
3811720
3883120
3956400
3776400
3925480
3930880
3781040
3959960
3898560
3856680
3930240
3805920
3889240
3854480
3932440
3799200
3950680
3846400
3862840
3927880
3799600
3910080
3913560
3809520
3897880
3928400
3796600
3858720
3930880
3885240
3812520
3916200
3890520
3880520
3879360
3927160
3856320
3840160
3917800
3763720
3970720
3868880
3819520
3966080
3802880
3888320
3936400
3777040
4004560
3756280
3901000
3960800
3791640
3952200
3843160
3879800
3986000
3780040
3882880
3919480
3815160
3991880
3826840
3878640
3874080
3946360
3780480
3889240
3975320
3799080
3941240
3968680
3792560
3949360
3831360
3864880
3977360
3836120
3893000
3889200
3860400
3929800
3811480
3959320
3816800
3886000
3956400
3748280
4016000
3788600
3906160
3907520
3837360
4018200
3789320
3851040
3955840
3878920
3893000
3904560
3907600
3810400
3934240
3882720
3808600
3959840
3878080
3854560
3902280
3924760
3871080
3890720
3848360
3957880
3908640
3844240
3851560
3982560
3882120
3809840
3920640
3981200
3795160
3917120
3902960
3816320
3966040
3846840
3950640
3762080
3961760
3865840
3791000
4054960
3751600
3966400
3853920
3827200
3939480
3816760
3815480
3991880
3846480
3859360
3867720
3942400
3868280
3874040
3816000
3984840
3775760
3919040
3930960
3763080
4000200
3815080
3876520
4003960
3808960
3871440
3949400
3791440
3918920
3925800
3854680
3955680
3822400
3854640
4004000
3795960
3895000
3969440
3754320
3997760
3788840
3973920
3840800
3813400
4015840
3758120
3916600
3897360
3923800
3747960
4001840
3821240
3852040
4011520
3744640
3996000
3853000
3819840
4012200
3781400
3966320
3806320
3911120
3955360
3775360
3881960
3979720
3804880
3919440
3890480
3853600
3944120
3879320
3820800
3881160
3934200
3830400
3920000
3960960
3876360
3830280
3951880
3801880
3928480
3823000
3833840
3959760
3852600
3903320
3921920
3854280
3940320
3869840
3829520
4013120
3827640
3815800
3947560
3883840
3866560
3921680
3856280
3866320
3998880
3814400
3905080
3942240
3858920
3947640
3760280
3940040
3906040
3811080
4001000
3848600
3889360
3986600
3816400
3977720
3890600
3892960
3825040
3910920
3982840
3845160
3830560
3973520
3794080
3967840
3846880
3845680
3979880
3765680
3974240
3853920
3824800
3997200
3844440
3876000
3935200
3839320
3924720
3868560
3852320
3934000
3860040
3887880
3892880
3872400
3888760
3885480
3911080
3815400
3917520
3869960
3884760
3903520
3894840
3871560
3914080
3860560
3851880
3986960
3837000
3828880
3926040
3856680
3854640
3974800
3796520
3882800
3936000
3777280
3955840
3875040
3825120
3968920
3870120
3875520
3834920
3926120
3849920
3907040
3918360
3826440
3929400
3939680
3828480
3896840
3946400
3887120
3830040
3982520
3843040
3921000
3808800
3859680
3937480
3870400
3822120
3939040
3916640
3785880
3947480
3910840
3781600
3930040
3923480
3809680
3894840
3970800
3832920
3893720
3980240
3878080
3854280
3905080
3949840
3773480
4016520
3839360
3855480
3973600
3831400
3909800
3858560
3864240
3959400
3822800
3916160
3874320
3828520
4004200
3869440
3902640
3799880
3962800
3896600
3849560
4000840
3762680
3899560
3941160
3804840
4022880
3835720
3918200
3989440
3787040
3867480
4009320
3776840
3918320
3904320
3826640
3950680
3873920
3810680
3987320
3901160
3833120
3966200
3848120
3901560
3905560
3832120
3978920
3813840
3850840
3960080
3875720
3822880
4015360
3864080
3858160
3914800
3894440
3874680
3922440
3834280
3963720
3834520
3837720
3951880
3830840
3874080
3946240
3850080
3992520
3875080
3861640
3930240
3810000
3994960
3783240
3931280
3922120
3857200
3963960
3828600
3899960
3932080
3817800
3977680
3811280
3819960
4000680
3790840
3883680
3986760
3803560
3865200
3991200
3755080
3938680
3913200
3830400
3879960
3938160
3815360
3953400
3863080
3827560
4000120
3800440
3966600
3835640
3899160
3872640
3890480
3907400
3827440
3895640
3909720
3852960
3866840
3954360
3897000
3805720
4018400
3785440
3886320
3952480
3811280
3918720
3842920
3903040
3953880
3772840
3991560
3854800
3863400
3983120
3812680
3954680
3906360
3767440
4003560
3863080
3894560
3962880
3793120
3937760
3869240
3819160
3977840
3846960
3930720
3863520
3928560
3872040
3833840
3985440
3863000
3870720
3950120
3854600
3874600
3886160
3921960
3878720
3920920
3867320
3869040
3956960
3773800
3908600
3973000
3807400
3875360
3961480
3842800
3843480
3887200
3938840
3797840
3996920
3805600
3955840
3886400
3855520
3987920
3810720
3890440
3929920
3841880
3930400
3784280
4033440
3773160
3956840
3920920
3823240
3971200
3876760
3798280
3959960
3899400
3784720
4004600
3825760
3928040
3900760
3856360
3880760
3897800
3859840
3961040
3902800
3785840
3956360
3921400
3782960
4027920
3787920
3952160
3894040
3920000
3844880
3900920
3841440
4000200
3778840
3965520
3884400
3859880
3958440
3807240
3887000
3926840
3820720
3893000
3927000
3833320
3907440
3928480
3855160
3927080
3915360
3856240
3953800
3892680
3836040
3914960
3909000
3803640
3926880
3916280
3817160
4009120
3787600
3927080
3924640
3792240
3988880
3805280
3960360
3879040
3870920
3888040
3812800
3909520
3977560
3768120
3917840
3942520
3829360
3959240
3864560
3869120
3988600
3795800
3958280
3859400
3830120
3974000
3843360
3893880
3899040
3904120
3910320
3798040
3950880
3889320
3850200
3995000
3798080
3960520
3836240
3908240
3950520
3758680
3944880
3923960
3828160
4011160
3775560
4034360
3820520
3919480
3952440
3775040
3972040
3893400
3896560
3961760
3817280
3966280
3835240
3856800
3994680
3809840
3921840
3893840
3881680
3911320
3893840
3932840
3839760
3848800
4013280
3855040
3881040
3883880
3896120
3845320
3969320
3838320
3899880
3857360
3912040
3895400
3908000
3934760
3839080
3943280
3949720
3818840
3909840
3900760
3904520
3895960
3807720
3964720
3899320
3797480
3944560
3900680
3803120
3963040
3933240
3816040
3993680
3834160
3807240
4007360
3816200
3867400
3992840
3850920
3867120
3910320
3955280
3826680
3874360
4004280
3824200
3865520
3945560
3823200
3910200
3918920
3794440
3959960
3883320
3857560
3893360
3831240
3974640
3889080
3813200
3956040
3861960
3865840
3936080
3821840
3812640
3942120
3826360
3920960
3870600
3858400
3982640
3819760
3829680
3973920
3786360
3962280
3867080
3827680
3965560
3868040
3848160
3897280
3940640
3797200
3826480
4059640
3749880
3922560
3931080
3748360
3998080
3840280
3842280
3963040
3773200
3988120
3842320
3815640
4003080
3827480
3838760
3999720
3807960
3867200
3961040
3789000
3966480
3864960
3846880
3984800
3795120
3880720
3960360
3756800
3976160
3906480
3831160
3923920
3942600
3844720
3899040
3910400
3849840
3914360
3883000
3971760
3869080
3865480
3896400
3944560
3831360
3876760
3953280
3839800
3867560
3894440
3873000
3920800
3809560
3980960
3854720
3786400
3973320
3846000
3816400
3983920
3822440
3884200
3943400
3795400
3866960
3930600
3788160
3978760
3855560
3879920
3848000
3847400
3966360
3819760
3833240
3965960
3876920
3824840
3967440
3836000
3824680
3972120
3835600
3863080
3978560
3879560
3847440
4006720
3768760
3932000
3911680
3828160
3913280
3907320
3858200
3889440
3904720
3823920
3923360
3862320
3805360
4020760
3852200
3848960
3966680
3796040
3971360
3854200
3840040
4004960
3751480
3906680
3922720
3837960
3850480
3953120
3867200
3803680
3973080
3865080
3857040
3980920
3809480
3859320
3942080
3786000
3962160
3896680
3826400
3940160
3891040
3769200
4069040
3750880
3975480
3840960
3823240
3934840
3906520
3847080
3856800
3968800
3821600
3869720
3871920
3943800
3920160
3843400
3826280
3963200
3903720
3844440
3933760
3926040
3856880
3901840
3901240
3862720
3866720
3915280
3847960
3877000
3929040
3831200
3901760
3836120
3970240
3835800
3821560
4004600
3795920
3899560
3939200
3822960
3864520
3963520
3836600
3886560
3894720
3874680
3864040
3838400
3962320
3812400
3931320
3901400
3825400
4011000
3860760
3830160
3917800
3849680
3865400
3940200
3800120
3869240
3922640
3828920
3889320
3877200
3972120
3784640
3912760
3928840
3825640
3986880
3820120
3842360
3958880
3842200
3886760
3947840
3795960
3893880
3895120
3891440
3874880
3898320
3914520
3828400
3952240
3861160
3912960
3837640
3986720
3831400
3864240
3939560
3811760
3872040
3923720
3865440
3826160
3932160
3916720
3771640
3975360
3864720
3825480
3972480
3806680
3865680
3903360
3864000
4011520
3727040
4017600
3857040
3863680
3944440
3846080
3920640
3869440
3835960
3916520
3897920
3795400
3987640
3758320
3912880
3855160
3948520
3800080
3852040
3937640
3825520
3886040
3898080
3913280
3794400
3966320
3863120
3888080
3866760
3941400
3919360
3785120
3913720
3875080
3839720
3956000
3778080
3992640
3831960
3819480
3968240
3839960
3815640
3878440
4004120
3829480
3827320
3949480
3832960
3926320
3917160
3774560
3969600
3868720
3822920
3971320
3823840
3875520
3975920
3790880
3922880
3929680
3846760
3946120
3829480
3867440
3926760
3846920
3927600
3897760
3857440
3848440
3986080
3825600
3889160
3985720
3863760
3838120
3955960
3842560
3860360
3962680
3874160
3924360
3860080
3899800
3950120
3795880
3974680
3872880
3891520
3921160
3874880
3919720
3904480
3888560
3809520
3983880
3878160
3814200
3943520
3929240
3821480
3969480
3866400
3812520
3980400
3773600
3923080
3981320
3806920
3967960
3883920
3832440
3947080
3885080
3911000
3838040
3938280
3850000
3963760
3767440
4019240
3862880
3873800
3983200
3865520
3816240
3938160
3919200
3808120
3952560
3859920
3868720
3928560
3910960
3887960
3821080
3922560
3825480
3928120
3943840
3861240
3927040
3840200
3955240
3815760
3947480
3895320
3800440
3976920
3798720
3965120
3881320
3821720
4006120
3833240
3952080
3924240
3889480
3870760
3927640
3899280
3824920
3894200
3900880
3942680
3774440
4025560
3839440
3838320
4031280
3778800
3917800
3902920
3873560
3921120
3831880
3812320
3967040
3869200
3887520
3929760
3865960
3936840
0
