1068560
1225120
1207440
1296880
1304160
1184560
1270880
1202240
1402960
1338480
1327040
1320800
1262560
1148160
1316640
1544400
1407120
1338480
1179360
1172080
1068080
1122160
1162720
1171040
1454960
1294800
1288560
1199120
1374880
1414400
1219920
1301040
1442480
1400880
1294800
1280240
1478880
1421680
1472640
1320800
1153360
1394640
1540240
1237600
1317680
1335360
1244880
1313520
1200160
1316640
1327040
1283360
1414400
1493440
1391520
1244880
1150240
1415440
1555840
1469520
1567280
1297920
1356160
1259440
1112800
1217840
1226160
1261520
1379040
1360320
1519440
1449760
1298960
1329120
1152320
1083680
1311440
1288560
1215760
1258400
1105520
1363440
1288560
1264640
1552720
1335360
1313520
1243840
1362400
1315600
1368640
1293760
1330160
1417520
1492400
1387360
1293760
1189760
1051440
1079520
1079520
1216800
1371760
1287520
1366560
1641120
1540240
1493440
1147120
1279200
1314560
1227200
1358240
1360320
1476800
1335360
1360320
1352000
1282320
1410240
1671280
1573520
1450800
1361360
1332240
1312480
1372800
1242800
1346800
1447680
1442480
1468480
1505920
1226160
1249040
1349920
1320800
1443520
1211600
1127360
1260480
1356160
1443520
1395680
1364480
1440400
1401920
1369680
1518400
1551680
1463280
1346800
1459120
1378000
1308320
1342640
1270880
1283360
1231360
1200160
1127360
1083680
1104480
1056640
1326000
1355120
1172080
1312480
1252160
1231360
1402960
1228240
1176240
1197040
1230320
1298960
1498640
1503840
1441440
1409200
1453920
1347840
1320800
1314560
1302080
1269840
1262560
1391520
1421680
1373840
1156480
1178320
1348880
1582880
1574560
1393600
1406080
1340560
1127360
1193920
1334320
1341600
1327040
1222000
1119040
1300000
1165840
1140880
1353040
1388400
1502800
1595360
1395680
1335360
1226160
1393600
1552720
1285440
1285440
1406080
1509040
1416480
1449760
1378000
1315600
1166880
1074320
1307280
1501760
1592240
1566240
1540240
1510080
1261520
1294800
1334320
1272960
1337440
1497600
1466400
1555840
1806480
1625520
1422720
1316640
1244880
1330160
1412320
1341600
1387360
1438320
1459120
1390480
1518400
1298960
1240720
1295840
1315600
1371760
1390480
1498640
1425840
1463280
1519440
1537120
1620320
1471600
1492400
1561040
1464320
1363440
1320800
1504880
1432080
1288560
1393600
1526720
1565200
1548560
1609920
1437280
1494480
1509040
1519440
1655680
1739920
1654640
1651520
1428960
1337440
1341600
1493440
1406080
1381120
1536080
1356160
1288560
1222000
1305200
1405040
1354080
1472640
1608880
1544400
1602640
1290640
1317680
1361360
1293760
1313520
1365520
1499680
1531920
1319760
1415440
1257360
1323920
1329120
1261520
1452880
1517360
1471600
1215760
1199120
1432080
1469520
1491360
1609920
1442480
1490320
1105520
1160640
1285440
1306240
1229280
1344720
1460160
1412320
1445600
1238640
1324960
1433120
1458080
1521520
1475760
1521520
1321840
1357200
1245920
1386320
1472640
1513200
1515280
1531920
1321840
1312480
1537120
1424800
1362400
1380080
1274000
1211600
1298960
1233440
1302080
1427920
1399840
1473680
1338480
1269840
1480960
1358240
1423760
1419600
1540240
1654640
1296880
1342640
1438320
1367600
1439360
1564160
1428960
1480960
1489280
1544400
1333280
1350960
1224080
1368640
1477840
1397760
1350960
1370720
1230320
1391520
1322880
1461200
1384240
1324960
1364480
1168960
1280240
1499680
1536080
1474720
1220960
1277120
1224080
1124240
1216800
1250080
1163760
1199120
1228240
1229280
1366560
1261520
1448720
1480960
1310400
1414400
1496560
1342640
1505920
1295840
1539200
1361360
1309360
1442480
1373840
1292720
1268800
1293760
1190800
1224080
1262560
1338480
1438320
1448720
1309360
1310400
1309360
1335360
1268800
1298960
1427920
1409200
1445600
1413360
1469520
1490320
1464320
1580800
1423760
1381120
1330160
1395680
1360320
1304160
1249040
1261520
1220960
1182480
1270880
1478880
1493440
1328080
1388400
1368640
1400880
1437280
1281280
1281280
1336400
1277120
1278160
1194960
1396720
1366560
1271920
1340560
1454960
1415440
1331200
1277120
1174160
1335360
1386320
1374880
1349920
1317680
1330160
1320800
1402960
1477840
1470560
1336400
1518400
1545440
1372800
1464320
1314560
1426880
1495520
1447680
1308320
1478880
1395680
1319760
1315600
1491360
1409200
1344720
1246960
1274000
1270880
1271920
1271920
1338480
1330160
1476800
1304160
1350960
1482000
1477840
1460160
1453920
1448720
1618240
1656720
1590160
1425840
1155440
1146080
1400880
1364480
1490320
1322880
1227200
1405040
1434160
1326000
1135680
1141920
1234480
1135680
1159600
916240
1003600
1249040
1417520
1406080
1199120
1375920
1525680
1423760
1451840
1616160
1462240
1578720
1411280
1453920
1500720
1411280
1435200
1315600
1141920
1209520
1314560
1245920
1346800
1375920
1356160
1267760
1340560
1265680
1496560
1277120
1173120
1373840
1451840
1372800
1498640
1508000
1599520
1474720
1246960
1345760
1342640
1295840
1382160
1331200
1245920
1419600
1568320
1427920
1502800
1398800
1274000
1433120
1198080
1185600
1382160
1343680
1316640
1506960
1617200
1446640
1541280
1422720
1313520
1453920
1527760
1551680
1738880
1638000
1619280
1640080
1661920
1551680
1505920
1372800
1304160
1479920
1568320
1461200
1508000
1224080
1293760
1376960
1382160
1529840
1470560
1462240
1439360
1412320
1331200
1374880
1453920
1332240
1439360
1461200
1347840
1378000
1464320
1590160
1408160
1473680
1578720
1452880
1447680
1400880
1364480
1450800
1208480
1390480
1290640
1285440
1422720
1288560
1248000
1245920
1343680
1479920
1370720
1428960
1399840
1422720
1509040
1461200
1638000
1650480
1537120
1459120
1522560
1516320
1296880
1574560
1289600
1142960
1184560
1220960
1179360
1371760
1338480
1320800
1332240
1438320
1662960
1649440
1601600
1383200
1487200
1513200
1459120
1505920
1431040
1499680
1307280
1268800
1313520
1342640
1431040
1645280
1648400
1421680
1515280
1426880
1319760
1339520
1483040
1508000
1575600
1539200
1410240
1439360
1310400
1239680
1512160
1474720
1544400
1503840
1445600
1505920
1687920
1396720
1514240
1494480
1330160
1419600
1434160
1317680
1381120
1386320
1538160
1649440
1319760
1452880
1335360
1405040
1399840
1113840
1286480
1203280
1072240
1114880
1427920
1380080
1374880
1439360
1479920
1427920
1478880
1376960
1389440
1336400
1496560
1323920
1375920
1256320
1211600
1369680
1323920
1386320
1390480
1255280
1276080
1298960
1368640
1361360
1479920
1349920
1300000
1347840
1459120
1576640
1228240
1326000
1379040
1269840
1371760
1291680
1424800
1494480
1369680
1489280
1406080
1414400
1266720
1488240
1363440
1271920
1354080
1346800
1264640
1310400
1399840
1323920
1240720
1244880
1386320
1359280
1484080
1348880
1282320
1447680
1506960
1691040
1440400
1361360
1587040
1282320
1393600
1392560
1280240
1364480
1404000
1226160
1386320
1368640
1355120
1414400
1475760
1111760
1334320
1111760
1283360
1591200
1470560
1286480
1356160
1115920
1276080
1530880
1378000
1288560
1138800
1220960
1451840
1252160
1317680
1288560
1198080
1306240
1371760
1254240
1308320
1293760
1302080
1402960
1177280
1260480
1398800
1300000
1338480
1391520
1442480
1376960
1350960
1371760
1191840
1181440
1218880
1292720
1645280
1513200
1483040
1685840
1530880
1491360
1217840
1233440
1102400
1178320
1196000
1252160
1201200
1320800
1318720
1192880
1235520
1270880
1390480
1402960
1415440
1532960
1569360
1552720
1620320
1524640
1595360
1557920
1450800
1389440
1375920
1433120
1483040
1572480
1302080
1254240
1399840
1229280
1268800
1465360
1289600
1366560
1600560
1320800
1359280
1565200
1510080
1551680
1579760
1475760
1529840
1598480
1564160
1642160
1602640
1356160
1187680
1241760
1098240
1132560
1190800
1252160
1216800
1357200
1402960
1588080
1608880
1454960
1373840
1258400
1200160
1265680
1085760
1183520
1283360
1255280
1386320
1512160
1339520
1231360
1514240
1546480
1446640
1358240
1389440
1286480
1293760
1251120
1433120
1385280
1298960
1333280
1372800
1306240
1410240
1363440
1444560
1218880
1249040
1276080
1436240
1624480
1623440
1523600
1407120
1434160
1359280
1446640
1557920
1430000
1568320
1335360
1245920
1356160
1412320
1483040
1553760
1280240
1375920
1515280
1451840
1400880
1428960
1295840
1339520
1289600
1361360
1607840
1397760
1410240
1360320
1186640
1162720
1218880
1220960
1433120
1566240
1552720
1379040
1202240
1371760
1339520
1374880
1463280
1579760
1398800
1358240
1291680
1262560
1428960
1457040
1445600
1226160
1208480
1238640
1174160
1181440
1144000
1264640
1322880
1363440
1263600
1401920
1334320
1223040
1211600
1052480
1098240
1168960
1175200
1364480
1313520
1394640
1360320
1332240
1267760
1198080
1449760
1636960
1504880
1520480
1313520
1190800
1306240
1316640
1438320
1246960
1302080
1472640
1344720
1267760
1330160
1349920
1432080
1282320
1223040
1281280
1114880
1199120
1236560
1148160
1214720
1452880
1467440
1246960
1366560
1275040
1326000
1344720
1418560
1428960
1391520
1253200
1289600
1339520
1385280
1353040
1265680
1352000
1308320
1355120
1785680
1523600
1387360
1502800
1520480
1786720
1477840
1327040
1337440
1452880
1561040
1367600
1371760
1415440
1225120
1265680
1564160
1223040
1303120
1491360
1454960
1374880
1378000
1529840
1621360
1732640
1416480
1269840
1368640
1440400
1178320
1253200
1256320
1338480
1253200
1394640
1297920
1241760
1439360
1440400
1439360
1442480
1557920
1399840
1374880
1424800
1502800
1187680
1251120
1336400
1190800
1219920
1181440
1008800
1254240
1433120
1301040
1257360
1406080
1458080
1389440
1319760
1557920
1360320
1398800
1241760
1373840
1352000
1322880
1293760
1614080
1490320
1528800
1457040
1292720
1452880
1458080
1421680
1437280
1406080
1496560
1348880
1246960
1311440
1285440
1219920
1309360
1344720
1199120
1189760
1084720
1110720
1095120
1114880
1209520
1223040
1162720
1370720
1362400
1401920
1461200
1421680
1362400
1301040
1276080
1130480
1258400
1350960
1330160
1191840
1214720
1275040
1330160
1363440
1425840
1284400
1456000
1336400
1441440
1506960
1509040
1384240
1392560
1426880
1308320
1670240
1364480
1543360
1382160
1373840
1499680
1494480
1580800
1671280
1362400
1231360
1201200
1281280
1295840
1269840
1372800
1358240
1420640
1339520
1520480
1544400
1498640
1362400
1474720
1522560
1435200
1369680
1354080
1340560
1336400
1362400
1316640
1222000
1312480
1519440
1577680
1550640
1338480
1458080
1316640
1364480
1317680
1269840
1321840
1245920
1129440
1262560
1182480
1293760
1207440
1304160
1122160
1311440
1394640
1389440
1526720
1477840
1348880
1349920
1444560
1448720
1469520
1232400
1364480
1458080
1432080
1476800
1384240
1557920
1500720
1296880
1289600
1397760
1381120
1374880
1410240
1349920
1388400
1362400
1362400
1561040
1625520
1498640
1239680
1251120
1144000
1146080
1219920
1291680
1444560
1608880
1551680
1523600
1523600
1556880
1584960
1482000
1440400
1417520
1323920
1240720
1395680
1290640
1301040
1358240
1201200
1307280
1283360
1316640
1406080
1399840
1350960
1489280
1509040
1570400
1523600
1513200
1489280
1523600
1483040
1338480
1356160
1582880
1384240
1550640
1544400
1543360
1370720
1263600
1391520
1473680
1657760
1535040
1260480
1478880
1492400
1384240
1517360
1577680
1261520
1387360
1454960
1502800
1444560
1353040
1393600
1387360
1356160
1324960
1137760
1137760
1378000
1580800
1574560
1526720
1471600
1324960
1298960
1479920
1492400
1616160
1777360
1615120
1683760
1335360
1374880
1477840
1284400
1331200
1308320
1144000
1239680
1306240
1330160
1444560
1200160
1156480
1238640
1371760
1577680
1371760
1459120
1425840
1406080
1468480
1451840
1514240
1617200
1584960
1412320
1442480
1350960
1244880
1505920
1413360
1518400
1592240
1395680
1408160
1370720
1226160
1268800
1379040
1331200
1383200
1426880
1415440
1280240
1327040
1479920
1476800
1463280
1630720
1449760
1479920
1461200
1358240
1396720
1369680
1301040
1432080
1313520
1470560
1581840
1641120
1605760
1606800
1415440
1394640
1648400
1555840
1644240
1646320
1648400
1773200
1799200
1779440
1649440
1426880
1433120
1381120
1508000
1550640
1570400
1456000
1296880
1348880
1373840
1407120
1490320
1619280
1509040
1409200
1439360
1462240
1414400
1323920
1387360
1343680
1518400
1636960
1424800
1414400
1357200
1304160
1420640
1216800
1365520
1482000
1293760
1484080
1409200
1301040
1419600
1469520
1374880
1385280
1388400
1316640
1357200
1418560
1282320
1276080
1358240
1310400
1347840
1246960
1414400
1534000
1433120
1454960
1505920
1343680
1440400
1222000
1338480
1419600
1417520
1508000
1565200
1446640
1261520
1519440
1482000
1586000
1440400
1330160
1274000
1360320
1268800
1262560
1226160
1243840
1371760
1468480
1241760
1140880
1347840
1218880
1506960
1452880
1504880
1657760
1778400
1433120
1435200
1349920
1494480
1508000
1460160
1417520
1621360
1473680
1550640
1430000
1246960
1156480
1176240
1323920
1337440
1424800
1513200
1413360
1386320
1375920
1466400
1550640
1252160
1275040
1275040
1402960
1543360
1664000
1244880
1349920
1371760
1281280
1296880
1203280
1285440
1242800
1367600
1496560
1562080
1552720
1340560
1348880
1518400
1341600
1297920
1426880
1344720
1493440
1472640
1313520
1309360
1231360
1233440
1229280
1288560
1312480
1497600
1630720
1471600
1284400
1307280
1445600
1573520
1497600
1543360
1609920
1640080
1645280
1460160
1411280
1450800
1379040
1342640
1503840
1306240
1387360
1416480
1566240
1495520
1323920
1437280
1519440
1376960
1485120
1322880
1251120
1358240
1393600
1408160
1282320
1189760
1280240
1401920
1474720
1548560
1314560
1363440
1345760
1495520
1384240
1369680
1291680
1407120
1321840
1096160
1239680
1244880
1121120
1252160
1347840
1430000
1468480
1371760
1553760
1469520
1467440
1568320
1359280
1470560
1387360
1572480
1606800
1558960
1683760
1506960
1515280
1625520
1485120
1630720
1449760
1424800
1431040
1371760
1363440
1331200
1327040
1518400
1613040
1322880
1385280
1350960
1290640
1401920
1359280
1372800
1385280
1294800
1416480
1355120
1246960
1352000
1537120
1318720
1259440
1279200
1255280
1328080
1406080
1280240
1321840
1506960
1441440
1222000
1138800
1200160
1290640
1257360
1381120
1248000
1458080
1575600
1613040
1579760
1640080
1453920
1417520
1492400
1397760
1238640
1235520
1298960
1262560
1369680
1352000
1350960
1464320
1359280
1459120
1417520
1168960
1198080
1422720
1329120
1447680
1414400
1197040
1371760
1412320
1381120
1320800
1166880
1294800
1109680
1235520
1271920
1156480
1243840
1359280
1477840
1536080
1346800
1170000
1179360
1354080
1521520
1496560
1367600
1285440
1382160
1401920
1324960
1161680
1137760
1177280
1189760
1216800
1301040
1344720
1445600
1535040
1391520
1471600
1608880
1552720
1758640
1476800
1357200
1252160
1259440
1166880
1345760
1358240
1324960
1341600
1610960
1257360
1183520
1402960
1435200
1328080
1498640
1264640
1349920
1396720
1471600
1560000
1419600
1336400
1493440
1457040
1395680
1354080
1210560
1244880
0
