305080
2282240
2076880
1903480
2108160
2107040
1965720
1881360
1961440
2052960
1927120
1864720
1944800
1868880
1925040
1748240
1806480
1993680
2084160
2012400
2132000
2242240
2038400
1997840
1849120
1716000
1836640
1859520
1627600
1726400
1735760
1778400
1896960
1808560
1854320
1842880
1855360
1616160
1596400
1669200
1698320
1701440
1641120
1703520
1853280
1770080
1842880
1921920
2005120
1777360
1778400
1952080
1686880
1690000
1833520
1914640
1920880
1709760
1547520
1615120
1659840
1735760
1791920
1933360
1815840
1913600
1835600
1868880
1757600
1580800
1659840
1771120
1896960
1849120
1840800
1903200
1930240
1910480
1938560
2021760
1862640
1867840
1710800
1830400
1584960
1627600
1846000
1922960
1851200
2019680
1901120
1822080
1813760
1846000
1730560
1735760
1903200
1997840
2118480
1988480
2063360
1813760
1778400
1941680
1775280
1494480
1616160
1777360
1984320
2005120
1806480
1922960
1843920
1515280
1654640
1749280
1792960
1929200
1648400
1760720
1471600
1612000
1781520
1665040
1762800
1773200
1725360
1850160
1744080
1698320
1703520
1677520
1599520
1855360
1872000
1959360
1727440
1822080
1938560
2039440
1849120
1694160
1750320
1744080
1822080
1729520
1766960
1779440
1658800
1538160
1688960
1795040
1557920
1610960
1707680
1713920
1636960
1698320
1823120
1747200
2015520
2023840
1852240
2003040
1753440
2033200
1974960
1829360
1945840
1870960
1821040
1791920
2003040
2081040
1948960
1905280
1707680
1646320
1823120
1769040
1626560
1808560
1828320
1780480
1766960
1806480
1916720
1671280
1668160
1870960
1899040
1824160
1813760
1632800
1861600
1900080
1827280
2133040
2076880
2091440
2123680
1875120
1867840
2086240
1993680
1914640
2162160
2145520
2035280
1865760
1759680
1687920
1844960
1930240
1941680
1905280
1905280
1947920
1985360
1924000
1723280
1802320
1683760
1758640
1825200
2090400
2067520
1789840
1698320
1725360
1806480
1756560
1942720
1927120
1998880
2045680
1927120
1776320
1744080
1800240
1740960
1668160
1600560
1749280
1873040
1953120
1824160
2023840
1914640
1823120
1959360
1761760
1960400
1796080
1810640
1941680
1889680
1953120
2014480
1740960
1768000
1789840
1831440
1909440
1704560
1722240
1935440
1744080
1847040
1880320
1905280
2077920
1823120
1935440
2055040
1946880
1782560
1818960
1913600
1782560
2011360
1947920
1873040
1903200
1577680
1636960
1758640
1708720
1844960
1962480
1989520
1977040
1972880
1846000
1985360
2026960
1942720
2186080
1914640
1876160
1913600
1770080
1669200
1502800
1745120
2089360
1779440
1967680
1782560
1900080
1683760
1607840
1830400
1804400
1770080
1977040
1654640
1747200
1653600
1675440
1604720
1725360
1879280
1785680
1815840
1676480
1751360
1774240
1446640
1528800
1749280
1836640
1830400
1838720
1796080
1751360
1750320
1820000
1736800
1703520
1803360
1549600
1658800
1604720
1580800
1622400
1754480
1843920
1933360
1670240
1697280
1675440
1548560
1609920
1807520
1671280
1701440
1752400
1800240
1943760
1880320
2019680
1963520
1791920
1842880
1650480
1735760
1763840
1810640
1983280
1621360
1894880
1844960
1755520
1894880
1580800
1795040
1840800
1828320
1774240
1716000
1804400
1694160
1834560
1907360
1725360
1847040
1898000
1961440
1758640
1799200
1687920
1722240
1816880
1729520
1700400
1817920
1730560
1615120
1952080
1842880
1985360
1999920
1664000
1541280
1742000
1801280
2076880
2084160
2026960
1831440
1804400
1858480
1815840
1928160
1862640
1937520
1683760
1618240
1620320
1621360
1738880
1759680
1836640
1781520
1770080
1661920
1690000
1718080
1776320
1851200
1939600
2032160
1910480
1919840
1865760
1816880
1603680
1773200
1857440
1852240
1952080
1851200
1859520
1943760
1987440
1940640
1867840
1646320
1735760
1686880
1784640
1795040
1817920
1916720
1765920
1973920
1863680
1973920
2137200
1904240
1891760
1877200
1870960
1758640
1807520
1531920
1661920
1738880
1671280
1771120
1570400
1821040
1918800
1738880
1853280
1941680
1929200
1944800
1944800
1961440
2084160
1888640
1894880
1951040
1866800
1979120
1785680
1755520
1868880
1892800
1921920
1746160
1667120
1762800
1647360
1834560
1803360
1634880
1628640
1698320
1692080
1775280
1586000
1543360
1713920
1825200
1590160
1500720
1746160
1769040
1709760
1841840
1877200
1974960
1881360
1972880
1915680
1827280
1857440
1864720
1879280
1738880
1855360
1678560
1691040
1866800
1752400
1786720
1603680
1499680
1605760
1690000
1931280
1777360
1618240
1773200
1705600
1729520
1855360
1752400
1734720
1989520
2003040
2016560
1837680
1797120
1872000
2007200
1925040
2022800
1816880
1931280
1959360
1869920
1860560
1696240
1632800
1608880
1620320
1519440
1697280
1700400
1598480
1587040
1674400
1784640
1932320
2037360
2030080
1882400
1839760
1780480
1800240
1947920
1690000
1809600
1754480
1831440
1917760
1881360
1790880
1701440
1773200
1707680
1523600
1496560
1725360
1570400
1674400
1874080
1789840
1985360
1969760
1759680
1495520
1677520
1551680
1811680
1912560
1862640
1917760
1873040
1787760
1826240
1879280
1726400
1786720
1852240
1802320
1846000
1794000
1766960
1699360
1610960
1619280
1458080
1477840
1644240
1616160
1789840
1828320
2007200
1831440
1856400
1659840
1784640
1691040
1916720
1925040
1820000
1791920
1755520
1798160
1625520
1830400
1950000
1947920
1815840
1827280
1974960
1968720
1882400
1973920
1653600
1775280
1826240
1799200
1934400
1722240
1743040
1867840
1902160
1942720
1843920
1825200
1888640
1836640
1824160
1732640
1731600
1815840
2082080
2040480
1921920
1831440
1906320
1974960
1865760
1907360
1826240
1757600
1701440
1850160
1765920
1809600
1849120
1816880
1737840
2067520
1977040
2029040
1881360
2035280
1829360
1796080
1821040
1903200
1798160
1664000
1607840
1692080
1865760
1920880
1890720
1747200
1971840
1711840
1831440
1806480
1821040
1993680
1735760
1668160
1550640
1495520
1672320
1630720
1787760
1783600
1727440
1578720
1594320
1769040
1712880
1788800
1810640
1988480
1915680
1797120
1740960
1716000
1701440
1792960
1774240
1739920
1814800
1647360
1722240
1800240
1594320
1674400
1720160
1576640
1713920
1517360
1571440
1722240
1929200
1997840
1903200
2038400
1939600
1963520
1852240
2037360
2274480
1833520
1849120
2082080
1836640
1879280
1860560
1738880
1915680
1956240
1853280
1769040
1815840
1981200
2065440
1927120
2075840
1846000
1917760
1999920
2003040
2022800
2054000
1750320
1810640
1784640
1940640
2050880
1773200
1765920
1732640
1869920
1818960
1816880
1881360
1832480
1775280
1936480
1714960
1841840
1917760
1775280
1919840
1935440
1703520
1670240
2010320
1762800
1734720
1969760
1752400
1882400
1726400
1861600
1940640
1743040
1779440
1436240
1820000
1913600
1619280
1695200
1488240
1480960
1682720
1476800
1811680
1857440
1679600
1811680
1747200
1649440
1800240
1783600
1810640
1792960
1823120
1825200
1998880
1999920
2054000
1989520
1759680
1731600
1885520
1854320
2004080
2006160
1675440
1832480
1994720
2005120
2020720
1847040
2029040
1848080
1965600
2014480
1843920
1882400
1754480
1855360
1803360
1857440
1828320
1706640
1677520
1765920
1719120
1816880
1627600
1679600
1811680
1684800
1909440
1903200
1847040
1694160
1803360
1644240
1582880
1726400
1662960
1598480
1691040
1758640
1899040
1989520
1875120
1875120
1903200
2006160
2034240
1860560
2031120
1983280
1859520
1764880
1792960
1703520
1660880
1669200
1694160
1671280
1677520
1648400
1630720
1740960
1760720
1910480
1764880
1621360
1568320
1804400
1816880
1804400
1958320
1951040
1879280
1935440
1829360
1711840
1790880
1825200
1810640
1730560
1666080
1666080
1634880
1780480
1670240
1679600
1783600
1721200
1865760
1868880
1984320
2082080
1994720
1879280
1766960
1909440
1795040
1700400
1673360
1577680
1626560
1775280
2083120
1844960
1852240
1859520
1899040
1924000
1838720
1552720
1643200
1878240
1837680
1864720
1716000
1770080
1838720
1817920
1822080
1820000
1912560
1595360
1680640
1746160
1604720
1765920
1883440
1868880
1740960
1836640
1885520
1886560
1903200
1654640
1717040
1646320
1727440
1827280
1701440
1807520
1668160
1666080
1760720
1618240
1908400
1792960
1817920
1772160
1700400
1638000
1668160
1843920
1811680
1707680
1823120
1568320
1775280
1664000
1680640
1693120
1627600
1683760
1723280
1786720
1852240
1996800
1804400
1641120
1745120
1627600
1605760
1823120
1908400
1825200
1778400
1616160
1700400
1577680
1818960
2039440
1769040
1791920
1686880
1648400
1621360
1728480
1789840
1632800
1729520
1687920
2020720
1948960
1867840
1805440
1707680
1650480
1723280
1867840
1988480
1873040
1673360
1708720
1570400
1626560
1439360
1505920
1555840
1735760
1839760
1757600
1712880
1401920
1553760
1824160
1843920
1903200
1865760
1593280
1612000
1761760
1650480
1665040
1887600
1759680
1906320
1829360
1705600
1837680
1846000
1778400
1986400
1785680
1721200
2044640
1878240
1783600
1644240
1889680
1764880
1795040
1804400
1779440
1757600
1688960
1727440
1939600
1955200
1859520
1676480
1804400
1711840
1864720
1896960
1781520
1493440
1521520
1671280
1592240
1573520
1514240
1718080
1780480
1784640
1605760
1709760
1792960
1695200
1721200
1915680
1928160
1642160
1865760
2051920
1757600
1691040
1877200
1858480
1853280
1657760
1418560
1535040
1656720
1686880
1531920
1777360
1768000
1720160
1679600
1680640
1576640
1718080
1826240
1661920
1573520
1719120
1769040
1792960
1878240
1581840
1647360
1643200
1674400
1694160
1758640
1958320
1905280
2115360
2088320
2013440
1712880
1836640
1916720
1681680
1697280
1826240
1687920
1726400
1787760
1930240
1713920
1784640
1733680
1779440
1891760
1529840
1463280
1672320
1797120
1846000
1937520
1686880
1728480
1721200
1613040
1573520
1873040
1911520
2062320
1927120
1769040
1725360
1630720
1760720
2103920
1995760
2066480
1977040
2008240
1864720
1843920
1787760
1787760
1591200
1747200
1576640
1652560
1661920
1725360
1788800
1789840
1813760
1896960
1813760
1702480
1718080
1860560
1697280
1915680
1784640
1841840
1707680
1787760
1622400
1586000
1476800
1501760
1747200
1733680
1842880
1711840
1668160
1551680
1652560
1591200
1724320
1556880
1647360
1564160
1649440
1740960
1794000
1929200
2110160
1928160
1907360
1886560
1830400
1931280
1616160
1570400
1704560
1661920
1723280
1464320
1579760
1703520
1579760
1761760
1732640
1696240
1800240
1788800
1804400
1659840
1568320
1724320
1670240
1550640
1554800
1719120
1914640
1685840
1782560
1945840
1900080
1914640
1852240
1783600
1670240
1667120
1749280
1587040
1703520
1591200
1395680
1477840
1529840
1648400
1551680
1468480
1534000
1810640
1843920
1680640
1708720
1639040
1601600
1580800
1564160
1833520
1928160
1520480
1580800
1803360
1766960
1730560
1717040
1788800
1882400
1556880
1531920
1683760
1864720
1840800
1873040
1896960
1866800
1747200
1558960
1364480
1422720
1555840
1528800
1701440
1714960
1556880
1651520
1656720
1610960
1827280
1543360
1751360
1899040
1759680
1874080
1841840
1594320
1628640
1620320
1641120
1787760
1797120
1683760
1510080
1609920
1560000
1531920
1641120
1783600
1735760
1857440
1574560
1832480
1791920
1517360
1564160
1870960
1926080
1862640
1850160
1612000
1782560
1989520
1823120
1898000
1738880
1609920
1850160
2057120
2073760
1850160
1842880
1939600
1852240
1771120
1858480
1842880
2189200
2080000
2050880
1938560
1695200
1755520
1855360
1912560
1967680
1964560
1862640
1612000
1687920
1604720
1623440
1784640
1880320
1884480
1898000
1784640
1896960
1857440
1977040
1996800
1846000
1841840
1885520
2005120
2132000
2127840
1695200
1642160
1726400
1702480
1881360
1703520
1813760
1866800
1717040
1755520
1665040
1762800
1859520
1817920
1774240
1522560
1668160
1458080
1482000
1747200
1739920
1735760
1827280
1823120
1719120
1744080
1714960
1876160
1832480
1894880
1821040
1682720
1808560
1662960
1693120
1636960
1522560
1784640
1916720
1759680
1832480
1676480
1798160
1974960
1730560
1749280
1612000
1584960
1764880
1920880
2018640
1719120
1753440
1731600
1688960
1708720
1681680
1609920
1499680
1665040
1809600
1881360
2049840
1717040
1684800
1742000
1677520
1742000
1896960
1755520
1831440
1855360
1699360
1808560
1808560
1751360
1706640
1745120
1906320
1941680
1856400
1717040
1860560
1785680
1759680
1875120
1669200
1844960
1996800
1848080
1843920
1843920
1943760
2004080
1929200
1860560
1835600
1740960
1881360
2073760
1951040
1849120
1900080
1851200
2012400
1981200
1868880
1993680
2077920
1906320
1766960
1811680
1797120
1850160
1748240
1866800
1759680
1735760
1707680
1790880
1707680
1659840
1926080
1962480
1794000
1743040
1666080
1746160
1679600
1693120
1669200
1804400
1945840
1971840
1809600
1516320
1676480
1861600
1856400
1868880
1904240
1584960
1687920
1693120
1647360
1600560
1695200
1878240
1737840
1652560
1723280
1669200
1746160
1571440
1574560
1629680
1709760
1816880
2089360
2070640
1843920
1953120
1907360
1910480
1789840
1837680
1850160
1687920
1765920
1827280
1835600
2011360
1900080
1792960
1629680
1725360
1861600
1851200
2084160
2067520
2128880
2022800
1953120
1982240
1791920
1640080
1732640
1818960
1790880
1744080
1695200
1884480
1869920
1884480
1690000
1630720
1823120
1810640
1849120
1850160
1743040
1977040
1952080
1794000
1547520
1822080
1866800
1960400
1969760
1771120
1922960
1865760
1737840
1695200
1745120
1847040
1698320
1877200
1672320
1799200
1693120
1694160
1731600
1605760
1572480
1786720
1641120
1668160
1561040
1681680
1731600
1825200
1865760
1780480
1733680
1768000
1977040
2010320
2168400
1853280
1884480
1691040
1972880
1840800
1942720
1847040
1919840
2048800
2021760
1846000
1878240
2266160
2020720
2080000
2116400
2025920
1798160
1624480
1756560
1932320
1801280
1808560
1622400
1795040
1864720
1722240
1835600
1640080
1642160
1696240
1738880
1699360
1713920
1643200
1724320
1674400
1823120
1803360
1861600
1828320
1873040
2018640
1815840
1763840
1654640
1682720
1699360
1822080
1810640
1786720
1716000
1701440
1683760
1859520
1727440
1701440
1847040
1751360
1661920
1665040
1721200
1649440
1628640
1597440
1738880
1705600
1787760
1661920
1614080
1821040
1809600
1899040
1676480
1648400
1841840
1853280
1661920
1604720
1539200
1605760
1465360
1652560
1599520
1763840
1729520
1791920
1927120
1896960
1817920
1879280
1773200
1743040
1731600
1676480
1825200
1860560
1783600
1883440
1660880
1755520
1695200
1658800
1718080
1586000
1452880
1350960
1603680
1804400
1843920
1694160
1649440
1745120
1601600
1548560
1719120
1710800
1564160
1862640
1936480
1939600
1755520
1777360
1755520
1685840
1857440
1678560
1849120
1827280
1848080
1909440
1836640
1888640
1713920
1768000
1682720
1676480
1798160
1782560
1825200
1649440
1671280
1616160
1525680
1738880
1777360
1714960
1827280
1883440
1842880
1690000
1756560
1588080
1765920
1784640
1746160
1519440
1638000
1621360
1701440
1826240
1608880
1424800
1506960
1657760
1820000
1783600
1592240
1584960
1622400
1725360
1876160
0
