48200
1241880
988000
684320
963040
781040
1298960
959920
955760
940160
1320800
763360
934960
731120
850720
615680
1058720
1112800
687440
1011920
877760
384800
313040
322400
255840
735280
838240
912080
871520
1028560
594880
921440
993200
822640
877760
489840
920400
140400
901680
625040
916240
836160
1161680
984880
971360
234000
396240
869440
514800
708240
43680
478400
505440
283920
726960
384800
741520
878800
748800
765440
554320
795600
193440
468000
424320
719680
670800
425360
588640
928720
804960
1419600
726960
899600
543920
861120
757120
721760
708240
438880
734240
819520
842400
563680
567840
524160
657280
359840
651040
325520
789360
725920
1120080
845520
368160
501280
91520
605280
418080
656240
304720
936000
134160
936000
568880
737360
525200
971360
1004640
445120
56160
21840
355680
433680
895440
146640
680160
615680
738400
578240
398320
1074320
681200
708240
934960
901680
443040
780000
1050400
503360
793520
1062880
1017120
887120
1311440
1079520
1356160
934960
477360
1001520
452400
1067040
924560
770640
855920
902720
931840
1121120
1030640
1366560
772720
942240
1042080
717600
721760
766480
1118000
1018160
899600
1081600
802880
1002560
815360
1064960
721760
719680
1004640
1082640
1080560
1079520
1080560
887120
721760
719680
726960
1110720
826800
971360
888160
495040
360880
716560
731120
959920
717600
705120
404560
625040
361920
648960
549120
540800
469040
1073280
845520
824720
754000
713440
501280
30160
627120
49920
859040
111280
508560
359840
183040
658320
399360
717600
984880
716560
853840
494000
943280
435760
1016080
359840
609440
852800
118560
569920
765440
809120
371280
842400
1146080
704080
1168960
992160
758160
978640
384800
865280
737360
773760
922480
586560
361920
357760
592800
447200
983840
719680
881920
1077440
1062880
719680
967200
715520
719680
884000
801840
1017120
722800
812240
506480
891280
393120
1061840
928720
469040
617760
678080
491920
976560
749840
1051440
719680
611520
998400
529360
1103440
507520
1135680
829920
1002560
719680
632320
381680
758160
619840
526240
1040000
539760
789360
900640
917280
594880
709280
626080
835120
797680
723840
474240
538720
365040
761280
704080
782080
491920
774800
1242800
980720
740480
1121120
833040
1084720
1189760
1283360
1181440
742560
1362400
1097200
954720
1011920
802880
1496560
976560
1163760
416000
1236560
749840
1148160
1217840
784160
593840
206960
749840
817440
839280
314080
243360
397280
482560
255840
383760
393120
847600
362960
887120
495040
771680
684320
719680
710320
566800
896480
836160
453440
501280
326560
794560
432640
890240
828880
668720
408720
672880
595920
648960
654160
811200
875680
646880
640640
720720
724880
482560
722800
842400
674960
707200
851760
937040
721760
717600
721760
719680
717600
721760
719680
717600
722800
620880
610480
745680
1081600
1000480
913120
783120
1097200
1078480
822640
992160
732160
499200
619840
360880
691600
359840
671840
844480
694720
599040
736320
548080
619840
585520
361920
613600
360880
694720
657280
891280
409760
1077440
594880
856960
642720
382720
642720
648960
981760
792480
269360
801840
888160
506480
833040
105040
742560
506480
636480
686400
681200
1107600
388960
861120
730080
671840
807040
680160
848640
690560
376480
624000
567840
1002560
583440
711360
1340560
573040
892320
419120
860080
620880
678080
589680
901680
322400
278720
589680
901680
553280
629200
881920
781040
430560
673920
721760
586560
273520
369200
507520
456560
1343680
871520
1035840
1207440
892320
579280
992160
921440
609440
735280
471120
1122160
631280
746720
1115920
610480
1130480
819520
1009840
1054560
1007760
1002560
369200
690560
600080
783120
959920
944320
777920
1020240
765440
1115920
800800
768560
971360
759200
862160
534560
603200
991120
932880
1131520
895440
1303120
716560
910000
979680
1352000
803920
1054560
1068080
730080
1160640
1141920
1087840
1358240
1237600
940160
888160
867360
715520
719680
723840
1154400
693680
914160
1223040
768560
1099280
865280
842400
456560
536640
1098240
1249040
1285440
1000480
1036880
1211600
1250080
1075360
806000
822640
520000
490880
361920
679120
1101360
863200
933920
792480
919360
878800
896480
964080
682240
454480
891280
707200
829920
921440
719680
765440
702000
1074320
749840
1111760
489840
26000
2080
973440
272480
228800
47840
613600
115440
868400
378560
436800
695760
296400
740480
717600
721760
459680
165360
568880
139360
742560
399360
866320
1003600
1068080
680160
708240
433680
729040
717600
416000
750880
461760
528320
719680
717600
642720
454480
689520
182000
672880
359840
432640
18720
485680
419120
0
475280
820560
300560
1026480
1138800
965120
628160
868400
565760
628160
592800
896480
425360
1019200
407680
1007760
922480
929760
1211600
570960
826800
740480
963040
967200
446160
1319760
884000
991120
741520
603200
383760
654160
87360
592800
52000
538720
559520
728000
971360
741520
683280
651040
1079520
827840
360880
654160
774800
766480
776880
676000
1098240
798720
377520
640640
161200
991120
569920
242320
481520
341120
740480
602160
679120
775840
461760
803920
405600
1068080
1360320
1054560
703040
838240
956800
651040
398320
1026480
579280
794560
1097200
1165840
1111760
944320
1125280
511680
632320
117520
668720
176800
755040
797680
1067040
866320
480480
933920
869440
836160
1050400
667680
425360
1459120
1225120
1079520
849680
1075360
1474720
1145040
979680
855920
1447680
797680
1053520
1261520
917280
923520
1133600
737360
339040
972400
700960
679120
799760
309920
996320
436800
555360
125840
951600
234000
710320
732160
1237600
1245920
869440
423280
775840
751920
871520
676000
616720
787280
572000
813280
722800
972400
388960
945360
1444560
1192880
1261520
719680
967200
877760
1094080
923520
985920
904800
1158560
1271920
1132560
964080
666640
549120
683280
764400
732160
481520
784160
603200
315120
966160
1081600
558480
481520
922480
723840
636480
667680
611520
542880
722800
860080
172640
343200
511680
200720
342160
436800
265200
838240
617760
724880
778960
928720
526240
765440
720720
622960
608400
997360
832000
443040
437840
744640
762320
694720
426400
613600
1105520
187200
612560
371280
660400
710320
1028560
710320
802880
914160
1085760
83200
1095120
693680
738400
953680
471120
923520
1118000
670800
913120
475280
724880
798720
497120
840320
0
745680
802880
976560
492960
823680
591760
846560
997360
679120
841360
863200
504400
1080560
159120
1011920
201760
607360
466960
953680
369200
726960
914160
1114880
1147120
884000
963040
1197040
1182480
837200
1244880
917280
376480
913120
473200
548080
403520
1035840
717600
628160
347360
933920
524160
67600
422240
657280
825760
904800
932880
878800
937040
919360
676000
495040
303680
381680
477360
326560
198640
506480
665600
676000
312000
658320
959920
578240
735280
1130480
212160
861120
683280
340080
434720
482560
394160
714480
357760
900640
583440
568880
0
0
17680
392080
108160
559520
414960
641680
898560
1081600
511680
622960
595920
511680
611520
476320
0
309920
661440
393120
673920
642720
361920
357760
700960
719680
933920
673920
927680
944320
719680
721760
1076400
1380080
412880
1018160
738400
730080
117520
1142960
95680
965120
343200
813280
721760
139360
465920
217360
502320
339040
1040000
741520
1032720
759200
796640
867360
549120
430560
427440
607360
579280
407680
902720
830960
643760
404560
643760
361920
159120
683280
357760
359840
590720
719680
536640
361920
884000
1075360
806000
803920
276640
160160
374400
320320
334880
599040
526240
190320
661440
877760
770640
677040
868400
1024400
608400
603200
567840
680160
342160
520000
529360
361920
759200
729040
992160
886080
1438320
892320
1487200
1337440
1158560
875680
1366560
1206400
1083680
1372800
1044160
927680
913120
583440
882960
383760
991120
537680
939120
913120
878800
926640
750880
979680
503360
980720
677040
1043120
660400
341120
572000
1000480
694720
1085760
1090960
1109680
667680
888160
689520
1014000
124800
956800
457600
1106560
377520
751920
783120
655200
658320
305760
591760
528320
575120
383760
645840
321360
791440
459680
305760
708240
601120
1285440
380640
1045200
361920
1015040
582400
983840
907920
985920
236080
931840
1048320
815360
756080
692640
845520
1164800
1098240
890240
1349920
969280
694720
615680
581360
851760
1044160
717600
461760
558480
720720
728000
990080
920400
221520
516880
615680
991120
739440
1112800
1142960
884000
719680
718640
738400
1232400
395200
1010880
663520
692640
465920
551200
746720
487760
328640
394160
568880
776880
719680
965120
768560
1066000
844480
561600
307840
201760
858000
835120
532480
651040
750880
396240
918320
630240
428480
486720
949520
645840
359840
1220960
741520
947440
646880
587600
950560
866320
1148160
819520
1100320
694720
212160
610480
823680
677040
392080
1246960
292240
1166880
414960
338000
1099280
879840
328640
840320
388960
527280
722800
722800
581360
886080
619840
1216800
666640
369200
725920
199680
699920
926640
850720
566800
888160
809120
454480
923520
547040
1241760
426400
639600
622960
744640
557440
655200
592800
525200
537680
265200
509600
529360
21840
527280
237120
122720
220480
303680
407680
422240
357760
664560
776880
703040
1062880
705120
579280
606320
309920
411840
524160
497120
247520
282880
938080
432640
423280
587600
562640
652080
528320
766480
962000
879840
684320
564720
1076400
1071200
763360
933920
376480
592800
368160
559520
773760
1092000
786240
1021280
590720
344240
451360
864240
195520
397280
375440
826800
303680
676000
686400
248560
532480
791440
1206400
747760
671840
391040
635440
648960
445120
1042080
607360
505440
108160
403520
487760
868400
36400
526240
997360
677040
828880
198640
684320
718640
687440
850720
159120
322400
361920
357760
359840
590720
1032720
1077440
1082640
1080560
1076400
1081600
1124240
1063920
871520
1042080
761280
774800
801840
755040
674960
1165840
521040
747760
652080
690560
825760
943280
721760
621920
391040
556400
604240
438880
470080
302640
494000
755040
244400
589680
251680
457600
636480
374400
645840
614640
867360
667680
882960
631280
781040
880880
859040
758160
364000
824720
500240
1072240
1083680
1324960
1347840
1051440
1022320
756080
759200
722800
719680
821600
563680
120640
670800
248560
668720
698880
897520
1004640
539760
548080
523120
500240
622960
543920
105040
481520
515840
850720
359840
723840
197600
440960
461760
736320
900640
574080
1139840
774800
570960
632320
357760
828880
222560
471120
392080
475280
740480
1087840
981760
723840
715520
1022320
835120
564720
510640
610480
906880
616720
787280
1082640
759200
813280
809120
879840
809120
267280
602160
1156480
738400
162240
390000
190320
553280
601120
290160
568880
511680
385840
962000
515840
525200
880880
581360
793520
769600
622960
426400
277680
0
0
0
367120
399360
620880
532480
786240
686400
637520
104000
926640
96720
431600
692640
699920
316160
1134640
849680
577200
660400
806000
322400
1228240
882960
558480
637520
407680
790400
304720
681200
454480
171600
272480
361920
357760
361920
619840
683280
153920
503360
452400
524160
619840
359840
226720
316160
123760
489840
393120
506480
423280
478400
501280
280800
459680
230880
246480
716560
458640
589680
41600
786240
492960
537680
766480
411840
264160
366080
382720
386880
716560
289120
764400
496080
629200
328640
407680
850720
592800
671840
308880
583440
1131520
1191840
532480
580320
532480
524160
150800
1074320
1120080
1446640
1083680
1181440
1079520
861120
1281280
796640
1060800
525200
930800
862160
720720
240240
818480
728000
712400
844480
792480
986960
854880
807040
278720
922480
498160
1029600
775840
673920
754000
806000
552240
930800
1118000
1084720
917280
895440
1317680
1182480
826800
521040
522080
843440
920400
578240
1321840
596960
230880
645840
358800
61360
897520
270400
866320
761280
625040
531440
976560
802880
1223040
771680
516880
369200
815360
520000
540800
561600
239200
283920
619840
905840
794560
1029600
622960
860080
366080
713440
1147120
579280
1122160
826800
713440
1083680
443040
915200
405600
637520
1090960
717600
648960
526240
359840
721760
850720
653120
813280
793520
718640
815360
542880
846560
1079520
613600
601120
528320
1166880
903760
743600
939120
786240
952640
1083680
422240
877760
754000
458640
722800
408720
1034800
816400
851760
998400
613600
559520
976560
608400
630240
686400
665600
719680
1052480
745680
799760
422240
470080
728000
933920
457600
524160
448240
593840
565760
391040
584480
499200
605280
524160
574080
854880
766480
769600
794560
801840
696800
631280
783120
728000
436800
619840
381680
1086800
719680
904800
1081600
906880
946400
788320
1216800
1275040
1081600
788320
672880
1030640
498160
1326000
1079520
814320
995280
814320
774800
804960
515840
359840
361920
360880
729040
370240
511680
601120
367120
741520
782080
503360
690560
889200
538720
1134640
711360
1121120
812240
934960
898560
512720
775840
733200
586560
656240
769600
912080
719680
544960
572000
436800
726960
607360
1063920
946400
551200
584480
965120
933920
982800
744640
1300000
789360
709280
573040
612560
854880
1131520
1472640
1270880
0
