466720
543680
463960
419120
398440
458640
577320
527280
421200
349440
454480
596960
569920
612560
501280
394160
453440
416000
528320
480600
495040
457600
459680
521040
560560
665600
549120
798720
651040
616720
743600
653120
420160
486720
613600
563680
473200
600080
694720
777920
772720
705120
634400
654160
606320
669760
589680
525200
547040
621920
557440
598000
573040
515840
603200
522080
602160
664560
669760
555360
598000
612560
541840
655200
685360
706160
641680
522080
687440
742560
525200
570960
524160
566800
819520
636480
561600
570960
474240
529360
697840
565760
644800
646880
638560
678080
654160
499200
476320
494000
425360
586560
604240
479440
497120
607360
503360
639600
549120
606320
668720
668720
562640
511680
639600
554320
511680
570960
513760
475280
666640
574080
608400
737360
733200
607360
542880
568880
643760
652080
539760
568880
584480
668720
658320
616720
658320
700960
558480
641680
565760
547040
714480
591760
611520
505440
600080
523120
566800
601120
590720
676000
618800
469040
538720
615680
514800
582400
644800
572000
633360
599040
739440
692640
734240
764400
733200
717600
776880
687440
705120
581360
702000
761280
552240
472160
497120
593840
557440
542880
653120
592800
588640
507520
500240
505440
524160
570960
487760
495040
622960
617760
584480
644800
676000
611520
567840
756080
513760
609440
629200
708240
642720
442000
324480
469040
434720
349440
427440
449280
290160
458640
579280
478400
550160
522080
398320
432640
403520
423280
473200
489840
445120
531440
499200
414960
338000
426400
446160
471120
464880
481520
666640
546000
511680
555360
588640
605280
480480
445120
335920
329680
419120
473200
405600
412880
490880
567840
548080
428480
352560
352560
472160
503360
604240
543920
469040
396240
428480
438880
443040
374400
440960
449280
539760
554320
540800
380640
448240
534560
473200
508560
397280
342160
410800
394160
380640
410800
332800
411840
348400
404560
417040
318240
329680
472160
318240
377520
308880
266240
241280
293280
298480
390000
416000
322400
377520
304720
452400
465920
312000
319280
319280
406640
289120
323440
416000
434720
427440
474240
428480
514800
484640
569920
464880
393120
515840
547040
539760
594880
719680
511680
490880
580320
560560
554320
708240
666640
813280
622960
558480
570960
677040
632320
626080
538720
473200
438880
750880
707200
989040
648960
642720
632320
576160
728000
525200
504400
551200
699920
702000
677040
639600
668720
624000
628160
580320
618800
575120
563680
617760
586560
552240
600080
673920
642720
581360
502320
530400
531440
463840
459680
613600
607360
569920
679120
515840
570960
581360
488800
629200
465920
542880
461760
348400
498160
586560
507520
528320
528320
516880
437840
516880
483600
374400
461760
469040
540800
536640
505440
537680
632320
619840
661440
710320
583440
634400
543920
624000
511680
539760
529360
556400
518960
572000
599040
593840
462800
432640
553280
684320
693680
658320
813280
565760
587600
555360
707200
637520
666640
725920
644800
461760
456560
590720
563680
564720
710320
564720
620880
471120
437840
511680
464880
638560
678080
650000
749840
580320
449280
521040
548080
466960
558480
547040
382720
378560
473200
560560
627120
521040
459680
491920
304720
412880
532480
518960
431600
443040
394160
512720
555360
694720
679120
632320
540800
659360
650000
720720
605280
584480
736320
528320
644800
608400
546000
579280
491920
455520
434720
420160
388960
361920
398320
520000
565760
556400
636480
595920
478400
480480
583440
575120
707200
680160
468000
501280
591760
593840
599040
579280
590720
673920
709280
655200
611520
600080
687440
771680
679120
618800
554320
494000
502320
464880
520000
530400
506480
613600
565760
461760
457600
567840
590720
538720
504400
481520
478400
520000
619840
547040
567840
607360
722800
731120
799760
573040
537680
744640
658320
600080
523120
454480
518960
609440
683280
738400
776880
756080
744640
523120
411840
482560
558480
395200
480480
573040
577200
581360
615680
643760
549120
629200
684320
699920
583440
695760
598000
476320
426400
540800
563680
621920
515840
585520
652080
599040
568880
565760
610480
523120
506480
589680
526240
562640
606320
715520
806000
766480
725920
593840
479440
444080
533520
552240
648960
627120
622960
657280
452400
464880
650000
648960
638560
543920
496080
463840
387920
349440
387920
522080
516880
551200
539760
478400
447200
641680
622960
486720
370240
403520
365040
385840
514800
461760
453440
468000
562640
504400
537680
551200
479440
460720
501280
547040
435760
420160
445120
473200
478400
419120
313040
383760
452400
663520
451360
332800
409760
406640
408720
473200
492960
339040
434720
475280
591760
567840
473200
644800
640640
626080
732160
352560
354640
420160
428480
395200
381680
376480
412880
390000
328640
368160
397280
396240
402480
444080
528320
474240
446160
529360
586560
562640
500240
609440
555360
596960
492960
471120
437840
410800
515840
406640
325520
386880
383760
391040
481520
427440
622960
606320
551200
554320
599040
606320
561600
665600
602160
524160
557440
714480
654160
548080
462800
468000
497120
501280
475280
554320
427440
480480
548080
544960
454480
416000
398320
504400
495040
554320
681200
630240
654160
699920
706160
712400
637520
576160
553280
438880
365040
326560
460720
534560
566800
629200
566800
393120
387920
438880
377520
407680
352560
427440
562640
417040
373360
481520
562640
473200
413920
442000
466960
407680
477360
422240
456560
391040
420160
432640
522080
601120
489840
419120
452400
529360
488800
533520
546000
604240
606320
460720
637520
568880
458640
466960
454480
442000
425360
435760
525200
573040
563680
566800
544960
621920
611520
531440
565760
636480
569920
662480
495040
676000
722800
593840
593840
546000
535600
635440
736320
726960
661440
613600
542880
643760
568880
620880
716560
650000
600080
631280
568880
440960
491920
531440
443040
489840
414960
454480
484640
575120
562640
579280
506480
497120
469040
573040
523120
429520
490880
437840
546000
512720
476320
570960
590720
646880
598000
679120
556400
550160
716560
859040
569920
638560
692640
672880
620880
638560
630240
554320
638560
709280
759200
661440
533520
589680
476320
465920
512720
640640
702000
577200
721760
567840
746720
539760
463840
487760
508560
514800
566800
549120
617760
510640
591760
586560
459680
494000
444080
515840
494000
536640
559520
505440
491920
508560
622960
611520
622960
645840
557440
503360
495040
481520
456560
482560
458640
577200
524160
440960
402480
521040
529360
505440
502320
439920
425360
388960
381680
509600
628160
541840
504400
638560
678080
663520
648960
630240
559520
499200
599040
639600
528320
483600
647920
652080
699920
632320
569920
613600
735280
631280
537680
567840
419120
487760
412880
579280
559520
543920
626080
647920
645840
681200
772720
787280
560560
572000
502320
522080
585520
570960
584480
637520
585520
423280
426400
462800
566800
535600
602160
590720
450320
657280
532480
506480
603200
642720
549120
512720
646880
657280
533520
442000
502320
646880
682240
714480
824720
660400
660400
610480
554320
639600
584480
648960
633360
692640
795600
657280
549120
531440
604240
579280
556400
625040
698880
651040
504400
490880
405600
660400
624000
741520
599040
650000
799760
736320
859040
856960
814320
639600
455520
504400
624000
695760
672880
734240
608400
640640
784160
947440
888160
915200
845520
872560
881920
841360
644800
703040
720720
585520
728000
612560
474240
495040
570960
667680
720720
685360
817440
696800
575120
594880
573040
556400
569920
538720
612560
705120
600080
705120
709280
722800
647920
558480
590720
565760
611520
582400
670800
613600
542880
574080
634400
572000
526240
550160
534560
591760
706160
642720
520000
582400
521040
483600
639600
696800
687440
531440
540800
496080
620880
697840
593840
542880
582400
542880
715520
563680
554320
591760
554320
434720
454480
534560
565760
449280
395200
431600
622960
751920
771680
767520
735280
760240
762320
725920
699920
803920
792480
710320
699920
604240
705120
631280
412880
413920
528320
693680
655200
662480
819520
743600
648960
621920
521040
549120
542880
550160
566800
583440
651040
570960
589680
552240
681200
485680
483600
561600
652080
659360
666640
580320
631280
573040
698880
609440
479440
488800
462800
509600
646880
574080
682240
662480
506480
544960
449280
526240
652080
770640
778960
679120
578240
557440
633360
672880
636480
619840
680160
742560
684320
677040
670800
685360
640640
772720
630240
673920
840320
591760
496080
626080
780000
833040
626080
684320
498160
537680
582400
653120
611520
618800
676000
763360
760240
637520
590720
513760
469040
596960
703040
715520
681200
610480
590720
592800
488800
709280
751920
660400
547040
404560
424320
485680
533520
434720
541840
559520
606320
624000
615680
610480
710320
664560
748800
746720
648960
670800
693680
630240
630240
681200
541840
566800
557440
643760
800800
795600
687440
551200
644800
693680
561600
656240
674960
588640
816400
781040
811200
915200
726960
730080
752960
820560
854880
784160
820560
681200
790400
830960
613600
573040
595920
579280
646880
754000
642720
605280
582400
632320
780000
777920
547040
569920
609440
709280
533520
506480
583440
598000
556400
650000
692640
666640
755040
702000
628160
762320
764400
793520
653120
606320
551200
436800
613600
703040
661440
713440
744640
832000
635440
629200
567840
581360
697840
777920
777920
801840
664560
572000
481520
605280
587600
599040
766480
650000
551200
523120
591760
551200
600080
424320
462800
664560
599040
490880
487760
574080
406640
391040
489840
451360
427440
392080
533520
529360
355680
346320
318240
392080
377520
444080
454480
508560
579280
429520
304720
481520
495040
494000
427440
371280
364000
397280
342160
420160
553280
485680
480480
379600
358800
381680
457600
445120
421200
550160
612560
513760
546000
613600
515840
524160
505440
444080
434720
430560
567840
593840
598000
548080
520000
528320
444080
481520
372320
458640
490880
495040
476320
616720
670800
716560
667680
711360
705120
580320
672880
603200
666640
652080
691600
594880
634400
495040
438880
531440
591760
560560
474240
533520
502320
603200
632320
568880
406640
509600
628160
684320
513760
486720
433680
391040
511680
437840
454480
359840
313040
319280
398320
429520
329680
325520
345280
317200
393120
498160
429520
358800
383760
451360
479440
513760
578240
669760
594880
488800
547040
400400
361920
438880
534560
506480
570960
582400
438880
445120
489840
424320
365040
486720
532480
576160
662480
565760
473200
479440
521040
457600
333840
339040
450320
424320
494000
581360
385840
351520
431600
502320
511680
518960
417040
448240
450320
469040
405600
360880
483600
484640
367120
550160
508560
522080
693680
598000
654160
538720
478400
477360
433680
436800
402480
490880
538720
577200
671840
706160
792480
663520
489840
586560
707200
816400
605280
657280
697840
504400
638560
588640
592800
573040
366080
369200
551200
499200
583440
528320
606320
513760
589680
587600
611520
530400
664560
612560
497120
479440
547040
418080
359840
375440
457600
559520
507520
516880
541840
611520
575120
473200
385840
381680
491920
662480
507520
537680
298480
377520
385840
506480
439920
419120
472160
480480
549120
494000
551200
540800
644800
550160
495040
409760
562640
628160
598000
600080
666640
663520
714480
526240
442000
472160
509600
526240
520000
456560
358800
309920
303680
358800
350480
334880
394160
439920
505440
498160
643760
531440
616720
641680
595920
715520
584480
563680
603200
768560
612560
651040
564720
546000
654160
564720
558480
591760
466960
439920
379600
346320
397280
461760
506480
432640
420160
428480
370240
310960
432640
503360
439920
447200
439920
405600
474240
512720
607360
583440
537680
405600
334880
523120
541840
480480
440960
475280
584480
462800
423280
469040
418080
466960
450320
518960
465920
478400
475280
395200
534560
500240
432640
459680
518960
444080
541840
636480
692640
599040
594880
605280
587600
644800
694720
546000
631280
670800
609440
594880
630240
682240
762320
891280
833040
764400
660400
694720
602160
629200
666640
731120
756080
655200
816400
741520
601120
618800
611520
593840
567840
592800
645840
626080
636480
573040
589680
630240
636480
575120
577200
575120
577200
575120
631280
578240
498160
536640
706160
744640
637520
603200
644800
652080
834080
735280
917280
970320
875680
638560
741520
890240
853840
804960
947440
869440
711360
565760
558480
590720
583440
607360
659360
454480
475280
625040
626080
596960
532480
634400
698880
718640
672880
723840
723840
734240
698880
539760
481520
474240
523120
457600
455520
476320
680160
707200
731120
761280
722800
541840
555360
654160
635440
552240
754000
662480
729040
717600
734240
745680
673920
593840
731120
815360
700960
595920
502320
535600
658320
771680
797680
775840
665600
0
