1213560
3854440
3851280
3747280
3853320
3795160
3762680
3798600
3772320
3863360
3764200
3821840
3825400
3773040
3801920
3739640
3725520
3877680
3772480
3773800
3823840
3781080
3831080
3732360
3804560
3736160
3795640
3754640
3796760
3734840
3818560
3790240
3837280
3783120
3804640
3812440
3758640
3835000
3816680
3740720
3803000
3791320
3819000
3754920
3796880
3817800
3832800
3883280
3762240
3811880
3810280
3836160
3825640
3830080
3746160
3832400
3797960
3790080
3796440
3821360
3771960
3856320
3850440
3822120
3736600
3840160
3790960
3818560
3814840
3854640
3782360
3810640
3846960
3801480
3815160
3777480
3813200
3837040
3838240
3792200
3781600
3760720
3859720
3786440
3805920
3792920
3824400
3777560
3840840
3755560
3829360
3807360
3831160
3820080
3829920
3796560
3776400
3840640
3779040
3872520
3780480
3818720
3786080
3803200
3769440
3789680
3827680
3827360
3808080
3816040
3796160
3828360
3789640
3782400
3936720
3747640
3846640
3871160
3763240
3866600
3761440
3815040
3840520
3885720
3762480
3844000
3745120
3758400
3849400
3728240
3822320
3824160
3764200
3764000
3847680
3764080
3815840
3789880
3832120
3830600
3843560
3776360
3780120
3823800
3821320
3812960
3806480
3849800
3789800
3785960
3814200
3821120
3826240
3794080
3914440
3796480
3811440
3815160
3829720
3836920
3767400
3913880
3814200
3835720
3815880
3795760
3802560
3828160
3821680
3796320
3797120
3843560
3835120
3817560
3839000
3744320
3816920
3874920
3753920
3799000
3795440
3807120
3819640
3796760
3787320
3905840
3843760
3772360
3775240
3848520
3817720
3773360
3798800
3850480
3892720
3708400
3817520
3821360
3816680
3828080
3802240
3808480
3805680
3764840
3832760
3795040
3771360
3835440
3739040
3785440
3832840
3771120
3844600
3773560
3781480
3755760
3790320
3824000
3786560
3817320
3779200
3769640
3747840
3827000
3792200
3737800
3815560
3817960
3805720
3766280
3769000
3813800
3759160
3892360
3857040
3812320
3782560
3838960
3751600
3839200
3839760
3776800
3815400
3817600
3801800
3802320
3792360
3809880
3858640
3838920
3805080
3831200
3820560
3799000
3819640
3769520
3804000
3808400
3803120
3838000
3818160
3814760
3835640
3745640
3841840
3758840
3801360
3825120
3867000
3820280
3837160
3781360
3820000
3755360
3818360
3822520
3834120
3756480
3830440
3801080
3838400
3829320
3781760
3819360
3822800
3737760
3816120
3799400
3843560
3806520
3800040
3772360
3795040
3817520
3783360
3865680
3820640
3806120
3768440
3807320
3788760
3820720
3813840
3799360
3823120
3817680
3841480
3805320
3774000
3789640
3814680
3825240
3788560
3850200
3741160
3780080
3830280
3825200
3772960
3827880
3850280
3819000
3803080
3861480
3750160
3805520
3824480
3776920
3774640
3842360
3781280
3828600
3863040
3813960
3827280
3796600
3795000
3799920
3784200
3842720
3765520
3923200
3774360
3821560
3764000
3816080
3790480
3856280
3844040
3737840
3808160
3825440
3842040
3783600
3770320
3822080
3792200
3822760
3795840
3835120
3842440
3794440
3761560
3808600
3831080
3819840
3834120
3830040
3770960
3783360
3788040
3871680
3817880
3790440
3801600
3813160
3797880
3798480
3823680
3780280
3856440
3783560
3796560
3812680
3804080
3781280
3782120
3807680
3891080
3765520
3783800
3782160
3803440
3823760
3852680
3749080
3742560
3866360
3851800
3808080
3785440
3792800
3772160
3850440
3833400
3806360
3814640
3808480
3799320
3821600
3851320
3804880
3776600
3800960
3837320
3781840
3890600
3747600
3820440
3823160
3824200
3769560
3846120
3841240
3803560
3759120
3834560
3820640
3801080
3917320
3809720
3820880
3824600
3775680
3801160
3791520
3818760
3779280
3749200
3812840
3851560
3796360
3789880
3798000
3881440
3747600
3796280
3868160
3800120
3862800
3836480
3798000
3789080
3828960
3802200
3783040
3827760
3856320
3787920
3812040
3795960
3825720
3804320
3830040
3826680
3822320
3789720
3788360
3793120
3782120
3811760
3894720
3789200
3826440
3804200
3809040
3843200
3779000
3811000
3749080
3800440
3814040
3818200
3756720
3898160
3768840
3830280
3820240
3775320
3814240
3793800
3859480
3839040
3857280
3788840
3858440
3810080
3831560
3805280
3785920
3805680
3784680
3804800
3798840
3906560
3780240
3852920
3770440
3784280
3886280
3786480
3783640
3803960
3822920
3780920
3839440
3807520
3822440
3862040
3806240
3823000
3795800
3831000
3804840
3824240
3830440
3751560
3806720
3812200
3830560
3787840
3845040
3793960
3815880
3849760
3767200
3779680
3790000
3817960
3809480
3824200
3791080
3796480
3818200
3768240
3808360
3779480
3824800
3823880
3833440
3822280
3854080
3736600
3803720
3860240
3813560
3843920
3772080
3775480
3779240
3782000
3891240
3771320
3849040
3792920
3818400
3762960
3875840
3743640
3820080
3820880
3771720
3823800
3844840
3816920
3786480
3794520
3834520
3799560
3828840
3809960
3822960
3863120
3777040
3812520
3812320
3800240
3771600
3858400
3869720
3778280
3787560
3860240
3867000
3763680
3806520
3803800
3790080
3860360
3858600
3773800
3833880
3849080
3814200
3836280
3840680
3762040
3809600
3856440
3780160
3841000
3784080
3775320
3890280
3812040
3837960
3791280
3796200
3809360
3834240
3807040
3817760
3866600
3787160
3852400
3808960
3803800
3825040
3798040
3823840
3791720
3848560
3851240
3810720
3780280
3807520
3791160
3799880
3854160
3848320
3791120
3823120
3822520
3830600
3790680
3800880
3863720
3838600
3771640
3866840
3821280
3840240
3821080
3839480
3856960
3779440
3838040
3879920
3799040
3787600
3822760
3825680
3837880
3836280
3794720
3805640
3800240
3821760
3809040
3861600
3825480
3776520
3901640
3797600
3850360
3833600
3786280
3830040
3796240
3823960
3824400
3834440
3803800
3807360
3802000
3805640
3866360
3824400
3854320
3871520
3791760
3815960
3773440
3831120
3822320
3836320
3799640
3815080
3864200
3824000
3824280
3810680
3813320
3849000
3810320
3825280
3778000
3808000
3858400
3817040
3844160
3840640
3764160
3851640
3828960
3870480
3797400
3796520
3859280
3838440
3790240
3897160
3865200
3820640
3790960
3817600
3825400
3793640
3807520
3852760
3852400
3847880
3820720
3849760
3841280
3768000
3853880
3824240
3793840
3796400
3816920
3796240
3807360
3854520
3863600
3852520
3815080
3818680
3824080
3803560
3818160
3845760
3822000
3850600
3794680
3830840
3819840
3814480
3773040
3839160
3828200
3817360
3855320
3814440
3848560
3805440
3793120
3831280
3787400
3794040
3781960
3871480
3824040
3821480
3834120
3778880
3789240
3843520
3820680
3807600
3829840
3794560
3856240
3832640
3860560
3832280
3811800
3800320
3830840
3844640
3839080
3780280
3814080
3823360
3815280
3824640
3843200
3819960
3846680
3764920
3809800
3855040
3776520
3830160
3867120
3831560
3809120
3799640
3796520
3796560
3821880
3819000
3806800
3878040
3797600
3792000
3839560
3803480
3827240
3807720
3813000
3803880
3838600
3819080
3867160
3820120
3832160
3859640
3812880
3801560
3842320
3832840
3806120
3755160
3815920
3849960
3771920
3817360
3785680
3865920
3792120
3896680
3841280
3785480
3809880
3801360
3815120
3814800
3831520
3844200
3790080
3791080
3802360
3860040
3786920
3787840
3792240
3870320
3779880
3851480
3803200
3823760
3805080
3795080
3837960
3814280
3861480
3839400
3842680
3787800
3867280
3828880
3832160
3848520
3839680
3827560
3821920
3851000
3798840
3840960
3797040
3804840
3843920
3812640
3813600
3859200
3823560
3825960
3818080
3818200
3797840
3811720
3789840
3841720
3876760
3865120
3769480
3828960
3798160
3799200
3849440
3805240
3767600
3828240
3823560
3768240
3833360
3882520
3808800
3814640
3853360
3791640
3808840
3789880
3787360
3843920
3807640
3860480
3755960
3794000
3832640
3824400
3846080
3856600
3739960
3787640
3834680
3849680
3811720
3813440
3831240
3776920
3753640
3853640
3790400
3810560
3816200
3824600
3753280
3768600
3783600
3833560
3871600
3806960
3849840
3803400
3817520
3753880
3799560
3807160
3841240
3840400
3784840
3780440
3784480
3786720
3793000
3847080
3784760
3768600
3815120
3842840
3793600
3789360
3779040
3830880
3831760
3800400
3805680
3772520
3818800
3799640
3847680
3797400
3870760
3787120
3801800
3941600
3749120
3811520
3824400
3834880
3792800
3820040
3796400
3828960
3826880
3832960
3797080
3806520
3760520
3810720
3834960
3782920
3855240
3783600
3812000
3830360
3784280
3827800
3800080
3814440
3821280
3834640
3806960
3802760
3824760
3765040
3831680
3820920
3848960
3781560
3805840
3785080
3784400
3779040
3837720
3851880
3769280
3855440
3790480
3792160
3830960
3761720
3823360
3871440
3787120
3835040
3799720
3800960
3769200
3842720
3830440
3806680
3770480
3832280
3840920
3770920
3831280
3813400
3808080
3778000
3827960
3837280
3821360
3846440
3758640
3791440
3786720
3833240
3808960
3884640
3777520
3812840
3793880
3814520
3802520
3795640
3804440
3808240
3825840
3810120
3835640
3874360
3838120
3819400
3771800
3816960
3825840
3818760
3800720
3809080
3783360
3750440
3901200
3799080
3809880
3790600
3767840
3790880
3793840
3825920
3789400
3793840
3852200
3865320
3763440
3831760
3797360
3801240
3806920
3825480
3821080
3802160
3822080
3782320
3784280
3788360
3810240
3781600
3799200
3759440
3843800
3807360
3828560
3849080
3789680
3808600
3773840
3794480
3812280
3784680
3814600
3812320
3832240
3848000
3839040
3750800
3769520
3869880
3781120
3790240
3778200
3846280
3760440
3921360
3820200
3762000
3835360
3784520
3846520
3814600
3815440
3788280
3863360
3790080
3844200
3824400
3842360
3799560
3857440
3792520
3800280
3877680
3825080
3811240
3814240
3837600
3810840
3789320
3825680
3843160
3886840
3781320
3853840
3855840
3779720
3842680
3849720
3797560
3830040
3776760
3818760
3810480
3820000
3834560
3790520
3812760
3839240
3796520
3870840
3868600
3821400
3790320
3798160
3811160
3775440
3838680
3803320
3852680
3814600
3767800
3839600
3862000
3765760
3785440
3832600
3853000
3789040
3804400
3811680
3813200
3822160
3804440
3775760
3806720
3770720
3936080
3815240
3750320
3784520
3861960
3843600
3843000
3832120
3826480
3807400
3793680
3792920
3838200
3774480
3882560
3785480
3846040
3818200
3791640
3807160
3812400
3824840
3846840
3831520
3839960
3832160
3818400
3842960
3810200
3845840
3863960
3842000
3815280
3800680
3824840
3794080
3873640
3814080
3791280
3785080
3805080
3823160
3815640
3812320
3812960
3800960
3819280
3795000
3830600
3802120
3844280
3856440
3803400
3845600
3817080
3843640
3809120
3836240
3840040
3824000
3839240
3767160
3868760
3843160
3787960
3792520
3775320
3809400
3836480
3779040
3822840
3777360
3909280
3767400
3819680
3813800
3798200
3793440
3810680
3871040
3787880
3854520
3763440
3783640
3830520
3805520
3851840
3771560
3817160
3815440
3844960
3859640
3786760
3789400
3805280
3802840
3795840
3846920
3805640
3854640
3789840
3800240
3808120
3806480
3844440
3774040
3865360
3776120
3760880
3816600
3849920
3825520
3785520
3789600
3826960
3876560
3779040
3800240
3802120
3856040
3853800
3801120
3824520
3778320
3818800
3831680
3808160
3765040
3908640
3769120
3775720
3821880
3809240
3817080
3815880
3839600
3813560
3855280
3853120
3797920
3838200
3787400
3815800
3808800
3819760
3770200
3815040
3817360
3817160
3859960
3802960
3841600
3762960
3808800
3796320
3800680
3800720
3854600
3810440
3801720
3865480
3781720
3910600
3816680
3789320
3799200
3834440
3872440
3803520
3785960
3821520
3798640
3810480
3910080
3771200
3813640
3824400
3813160
3846800
3926320
3775920
3821520
3792760
3788400
3836120
3784640
3921200
3795280
3856240
3795760
3811880
3816120
3849760
3784360
3829360
3808040
3823600
3827760
3811680
3825920
3843400
3840640
3803040
3846400
3816520
3815640
3771160
3788040
3801920
3805120
3804800
3817560
3810280
3805000
3846800
3846520
3809400
3796000
3896760
3834880
3818160
3824040
3847440
3766360
3820200
3842280
3785120
3810560
3804600
3817560
3819440
3828360
3811160
3866240
3797840
3824320
3848760
3813600
3786840
3854560
3809720
3850360
3812640
3856680
3813360
3803360
3819200
3794480
3773280
3822720
3872120
3783280
3834560
3808960
3802480
3802160
3855520
3786160
3814440
3802200
3809680
3855720
3789280
3833120
3827160
3892960
3807560
3833240
3815000
3791280
3806920
3823480
3874560
3807160
3868720
3809360
3820720
3807600
3845400
3838000
3810680
3822960
3820120
3818560
3832880
3831120
3800440
3815480
3827720
3824880
3797200
3808640
3840920
3830040
3791720
3862560
3845520
3845280
3815600
3822960
3765560
3829600
3827760
3898800
3878120
3763160
3910960
3787600
3811960
3821320
3801520
3814880
3890680
3825280
3815360
3833400
3777360
3786560
3829880
3788640
3829400
3821160
3863840
3808840
3790360
3810000
3805280
3836160
3815640
3809040
3819400
3818000
3818200
3838200
3775880
3875320
3865960
3828480
3828720
3775000
3807520
3815040
3794280
3903240
3831440
3788040
3840440
3833840
3791960
3820280
3808560
3797720
3820680
3813440
3791280
3834160
3801960
3804080
3869080
3803480
3812120
3811800
3850440
3782360
3809280
3801920
3818400
3808400
3852080
3817920
3812760
3851880
3827480
3826760
3790920
3797280
3820840
3806640
3896680
3824000
3800160
3835040
3805800
3846400
3817960
3775600
3835760
3870040
3819400
3785920
3911000
3827720
3824680
3772760
3832960
3824040
3900280
3805760
3801800
3883480
3812640
3855120
3772400
3817400
3780920
3805520
3872800
3807320
3831960
3791520
3864040
3823480
3841280
3834800
3787640
3784840
3815960
3854960
3789560
3785640
3858240
3827080
3825520
3832440
3811880
3787240
3834800
3808600
3800080
3806200
3858520
3825120
3843120
3758760
3873720
3821920
3788480
3791000
3852720
3801960
3819040
3861360
3869200
3783560
3846120
3778600
3798000
3797160
3831720
3829880
3813800
3869760
3816080
3796360
3904400
3830560
3802720
3793640
3846880
3821880
3849400
3794600
3860840
3775360
3809840
3822600
3876480
3882200
3780320
3827320
3838800
3784160
3828320
3784640
3894400
3819080
3903640
3804280
3853600
3852560
3800440
3820120
3783400
3836520
3811720
3830880
3836560
3804240
3791080
3863120
3819680
3847640
3791560
3842520
3810000
3812280
3852560
3806560
3807560
3817800
3888360
3820840
3754640
3849440
3797320
3789400
3813240
3781920
3928920
3841600
3827320
3825920
3764960
3851680
3821080
3843600
3807800
3816720
3869440
3783800
3809080
3890000
3814920
3831800
3777920
3801720
3848840
3805320
3843920
3806160
3856880
3792280
3855800
3780520
3767840
3868960
3803960
3776800
3828280
3790920
3803640
3829840
3823000
3813840
3857200
3783640
3852560
3822120
3777840
3881640
3833600
3821400
3870200
3780080
3787000
3781160
3819800
3825720
3941320
3804840
3824400
3829240
3822120
3787560
3811760
3808880
3809840
3809680
3799640
3777360
3855040
3805320
3867320
3815920
3816040
3770920
3812720
3785920
3810200
3850600
3794200
3853800
3807160
3808640
3837800
3762280
3878320
3813440
3778440
3883160
3758760
3913840
3832320
3821480
3806080
3792520
3818440
3850600
3819440
3828920
3780840
3789440
3863840
0
