229520
268320
270400
253760
264160
278720
248560
290160
230880
243360
257920
272480
249600
277680
288080
283920
274560
273520
293280
277680
273520
219440
277680
278720
265200
267280
237120
257920
253760
274560
280800
284960
270400
264160
278720
278720
251680
243360
245440
266240
274560
230880
202800
253760
242320
253760
257920
274560
287040
243360
265200
263120
276640
260000
264160
203840
239200
267280
261040
257920
266240
270400
245440
257920
274560
276640
268320
280800
245440
166400
274560
287040
255840
278720
264160
262080
270400
278720
274560
274560
268320
274560
268320
274560
247520
218400
239200
224640
250640
267280
255840
262080
218400
274560
249600
274560
272480
232960
212160
266240
200720
271440
241280
287040
268320
278720
274560
262080
251680
284960
276640
237120
286000
260000
265200
267280
248560
270400
268320
287040
243360
274560
260000
273520
280800
269360
270400
274560
272480
272480
279760
239200
247520
254800
262080
262080
262080
247520
276640
269360
271440
278720
266240
268320
287040
235040
276640
249600
266240
274560
226720
274560
274560
261040
281840
274560
273520
231920
278720
282880
276640
278720
266240
274560
276640
280800
241280
239200
268320
215280
286000
253760
284960
276640
274560
268320
268320
266240
264160
268320
274560
282880
276640
266240
276640
276640
274560
284960
232960
230880
173680
263120
267280
206960
205920
241280
270400
277680
280800
271440
287040
230880
272480
271440
265200
239200
249600
274560
278720
260000
241280
284960
229840
252720
202800
288080
224640
257920
293280
230880
262080
247520
279760
221520
268320
224640
224640
232960
260000
274560
261040
263120
268320
246480
205920
222560
261040
236080
242320
274560
262080
268320
279760
265200
260000
245440
260000
246480
236080
193440
230880
253760
239200
280800
247520
273520
271440
265200
277680
266240
276640
260000
270400
230880
230880
278720
270400
272480
282880
284960
276640
274560
253760
278720
289120
257920
287040
273520
286000
228800
272480
287040
268320
276640
278720
280800
274560
293280
276640
278720
287040
274560
299520
287040
280800
273520
277680
278720
284960
265200
267280
278720
264160
274560
274560
272480
264160
252720
296400
278720
252720
286000
272480
287040
271440
214240
269360
274560
264160
268320
280800
279760
263120
260000
278720
266240
237120
268320
237120
272480
254800
271440
274560
277680
240240
287040
262080
274560
274560
270400
239200
245440
262080
256880
214240
234000
249600
228800
255840
264160
268320
266240
282880
272480
282880
293280
274560
287040
280800
280800
243360
280800
265200
286000
244400
286000
265200
273520
270400
260000
282880
262080
274560
218400
230880
193440
224640
234000
215280
224640
243360
243360
237120
219440
221520
226720
232960
227760
286000
257920
280800
288080
258960
245440
249600
287040
293280
284960
264160
262080
280800
265200
281840
282880
280800
272480
266240
272480
246480
271440
280800
287040
284960
286000
251680
256880
268320
278720
240240
273520
261040
263120
274560
257920
253760
272480
286000
221520
274560
284960
251680
266240
280800
264160
266240
264160
272480
264160
274560
274560
280800
255840
274560
274560
274560
281840
271440
270400
299520
274560
284960
220480
245440
276640
276640
274560
268320
291200
282880
280800
293280
291200
242320
236080
284960
293280
291200
274560
289120
268320
294320
279760
280800
291200
289120
297440
295360
292240
288080
284960
276640
293280
289120
278720
268320
249600
280800
280800
274560
268320
280800
287040
272480
274560
239200
266240
270400
287040
291200
268320
264160
279760
273520
276640
273520
282880
279760
223600
269360
266240
276640
287040
284960
245440
265200
275600
269360
286000
282880
271440
277680
287040
276640
282880
295360
274560
278720
282880
262080
272480
270400
270400
268320
268320
266240
272480
280800
255840
276640
262080
280800
278720
280800
244400
244400
249600
255840
229840
231920
262080
277680
257920
239200
283920
257920
260000
282880
268320
266240
270400
284960
268320
270400
268320
265200
277680
255840
278720
276640
270400
282880
276640
287040
280800
284960
257920
287040
274560
274560
284960
276640
266240
262080
267280
283920
272480
273520
283920
280800
264160
270400
282880
270400
266240
276640
263120
271440
273520
253760
277680
274560
268320
262080
293280
280800
265200
279760
270400
236080
279760
264160
270400
275600
286000
280800
284960
264160
264160
272480
277680
275600
264160
284960
276640
276640
291200
268320
276640
260000
270400
247520
205920
274560
268320
274560
278720
264160
278720
288080
219440
278720
282880
272480
274560
262080
270400
268320
284960
282880
291200
289120
280800
269360
272480
267280
278720
272480
280800
268320
265200
263120
281840
275600
262080
268320
276640
262080
260000
262080
278720
282880
287040
260000
224640
245440
262080
284960
282880
280800
287040
264160
269360
252720
292240
279760
282880
268320
271440
277680
291200
257920
280800
268320
283920
273520
274560
272480
271440
246480
268320
268320
272480
251680
280800
274560
278720
270400
280800
263120
296400
271440
254800
268320
265200
277680
299520
268320
278720
276640
274560
287040
249600
253760
269360
263120
272480
276640
230880
287040
274560
293280
274560
268320
273520
281840
280800
268320
230880
272480
280800
232960
262080
255840
228800
214240
243360
208000
241280
178880
226720
258960
279760
241280
263120
275600
270400
270400
278720
257920
258960
264160
281840
262080
218400
262080
249600
266240
241280
279760
248560
262080
249600
237120
287040
268320
258960
275600
268320
251680
241280
280800
286000
273520
284960
272480
268320
268320
294320
272480
290160
280800
284960
281840
288080
268320
249600
270400
297440
280800
260000
256880
269360
280800
253760
248560
277680
262080
280800
275600
263120
264160
295360
243360
287040
287040
274560
272480
258960
283920
226720
271440
271440
275600
277680
247520
278720
267280
269360
284960
264160
287040
274560
280800
255840
215280
240240
255840
274560
265200
240240
241280
270400
262080
274560
280800
286000
281840
278720
263120
283920
253760
263120
271440
264160
293280
260000
260000
235040
272480
286000
255840
269360
270400
272480
257920
262080
291200
223600
240240
276640
278720
243360
262080
262080
274560
274560
276640
266240
287040
284960
254800
275600
254800
246480
284960
282880
287040
280800
255840
262080
249600
249600
280800
278720
276640
273520
300560
278720
252720
275600
266240
278720
264160
230880
253760
264160
274560
293280
266240
286000
223600
290160
273520
268320
274560
268320
276640
276640
276640
270400
268320
287040
273520
246480
247520
253760
276640
278720
280800
266240
278720
241280
289120
273520
236080
266240
264160
268320
239200
262080
280800
265200
252720
221520
234000
230880
212160
216320
232960
227760
221520
212160
216320
226720
168480
112320
168480
209040
230880
290160
274560
282880
260000
287040
248560
269360
270400
282880
226720
262080
280800
262080
236080
263120
260000
249600
264160
278720
280800
257920
247520
268320
287040
264160
273520
263120
278720
279760
243360
256880
270400
228800
262080
257920
266240
264160
247520
220480
280800
262080
268320
274560
280800
268320
272480
264160
267280
272480
268320
277680
243360
260000
264160
243360
264160
247520
280800
262080
247520
281840
261040
280800
276640
282880
272480
261040
281840
249600
249600
262080
280800
255840
270400
291200
284960
266240
266240
287040
274560
278720
273520
252720
284960
282880
266240
242320
277680
262080
257920
290160
274560
286000
280800
289120
268320
272480
264160
249600
263120
277680
269360
263120
274560
225680
254800
230880
228800
239200
232960
225680
246480
235040
232960
224640
221520
221520
243360
291200
251680
237120
280800
274560
284960
255840
281840
286000
276640
249600
212160
249600
268320
280800
268320
289120
197600
255840
255840
228800
272480
257920
284960
274560
245440
273520
240240
287040
280800
291200
270400
278720
279760
244400
245440
275600
281840
256880
255840
277680
278720
276640
280800
268320
262080
269360
274560
286000
266240
280800
276640
270400
266240
280800
280800
291200
264160
265200
275600
264160
214240
272480
268320
268320
272480
270400
262080
278720
261040
265200
230880
228800
243360
270400
262080
287040
219440
267280
249600
260000
262080
268320
255840
268320
280800
277680
252720
264160
274560
284960
272480
266240
291200
276640
249600
264160
272480
272480
289120
274560
272480
257920
262080
280800
262080
266240
280800
264160
255840
268320
262080
262080
242320
272480
269360
270400
271440
227760
247520
289120
257920
253760
268320
268320
260000
247520
232960
226720
222560
232960
247520
276640
262080
215280
258960
224640
255840
263120
265200
273520
281840
264160
272480
249600
289120
247520
264160
293280
268320
272480
266240
286000
275600
253760
265200
267280
278720
268320
266240
264160
280800
280800
291200
280800
264160
274560
231920
221520
257920
268320
268320
283920
277680
247520
224640
225680
254800
282880
274560
267280
282880
279760
266240
245440
287040
277680
290160
289120
273520
286000
287040
260000
257920
268320
284960
260000
264160
264160
249600
247520
280800
262080
268320
257920
268320
262080
274560
272480
287040
239200
255840
272480
271440
282880
277680
255840
278720
282880
249600
287040
255840
241280
270400
274560
254800
250640
274560
280800
272480
282880
252720
258960
278720
239200
251680
253760
256880
273520
278720
244400
263120
266240
251680
268320
230880
287040
283920
268320
270400
261040
261040
264160
257920
279760
268320
260000
264160
266240
266240
270400
270400
274560
278720
282880
255840
255840
249600
274560
262080
255840
228800
198640
209040
260000
273520
277680
249600
255840
287040
280800
256880
273520
262080
230880
252720
271440
287040
271440
265200
280800
280800
280800
278720
246480
272480
263120
280800
287040
260000
264160
252720
272480
277680
253760
289120
270400
257920
253760
280800
280800
255840
235040
270400
287040
278720
282880
271440
265200
260000
241280
222560
224640
274560
266240
266240
264160
282880
280800
284960
276640
268320
284960
282880
264160
266240
269360
227760
264160
284960
264160
280800
280800
274560
287040
268320
280800
274560
266240
254800
269360
274560
258960
279760
268320
293280
262080
253760
264160
273520
265200
278720
293280
287040
287040
274560
270400
275600
284960
271440
276640
268320
287040
276640
247520
265200
283920
266240
282880
212160
277680
274560
277680
293280
280800
260000
262080
255840
276640
276640
268320
266240
272480
272480
284960
270400
266240
287040
230880
230880
243360
260000
257920
293280
274560
293280
260000
251680
293280
243360
280800
274560
274560
278720
270400
268320
287040
241280
251680
266240
276640
268320
265200
269360
287040
245440
287040
274560
262080
280800
262080
260000
270400
199680
230880
222560
220480
230880
230880
234000
221520
230880
255840
258960
238160
257920
262080
262080
281840
258960
251680
272480
257920
273520
238160
274560
268320
247520
257920
276640
274560
284960
274560
255840
265200
271440
262080
249600
280800
261040
269360
268320
249600
268320
268320
274560
293280
268320
280800
272480
280800
268320
276640
280800
268320
286000
269360
262080
255840
274560
268320
274560
243360
265200
271440
280800
240240
271440
273520
263120
268320
260000
270400
262080
289120
269360
271440
268320
268320
225680
263120
266240
280800
275600
267280
272480
282880
253760
276640
273520
281840
247520
270400
280800
254800
275600
255840
274560
287040
243360
190320
231920
228800
224640
284960
288080
273520
274560
268320
274560
266240
276640
267280
283920
278720
255840
280800
268320
268320
280800
247520
284960
266240
291200
282880
268320
280800
280800
272480
268320
276640
284960
270400
268320
284960
282880
282880
282880
264160
280800
268320
268320
220480
235040
249600
274560
280800
276640
278720
271440
269360
278720
284960
262080
234000
290160
274560
272480
251680
277680
283920
274560
280800
268320
249600
267280
261040
195520
222560
239200
230880
240240
251680
279760
280800
276640
274560
272480
251680
280800
268320
280800
270400
276640
268320
270400
256880
290160
277680
250640
264160
255840
287040
249600
274560
264160
274560
274560
248560
292240
268320
257920
268320
224640
237120
280800
268320
280800
270400
266240
266240
270400
260000
264160
274560
237120
266240
239200
277680
277680
262080
237120
245440
272480
238160
265200
277680
272480
284960
258960
266240
282880
272480
249600
269360
256880
249600
268320
274560
278720
289120
280800
266240
280800
268320
274560
286000
281840
276640
250640
286000
268320
276640
278720
280800
276640
291200
289120
270400
292240
272480
271440
276640
262080
274560
280800
280800
272480
264160
262080
228800
219440
281840
289120
241280
280800
272480
254800
278720
293280
271440
255840
270400
278720
289120
284960
289120
271440
294320
278720
278720
268320
271440
0
