323640
364680
369320
335920
250760
284960
429640
566800
406640
309920
267280
212160
406640
455520
359840
300560
261040
370240
589680
630360
511680
322400
558480
494000
541840
288080
303680
396240
558480
524160
644800
580320
537680
533520
725920
406640
305760
555360
435760
395200
538720
544960
453440
304720
197600
286000
439920
437840
494000
599040
748800
514800
496080
477360
508560
395200
421200
523120
659360
735280
639600
503360
556400
517920
395200
451360
414960
288080
402480
476320
582400
530400
466960
591760
453440
393120
425360
414960
320320
271440
309920
327600
372320
480480
549120
667680
704080
371280
346320
270400
297440
416000
492960
374400
520000
578240
618800
568880
476320
489840
440960
486720
517920
531440
630240
635440
572000
645840
786240
711360
670800
526240
586560
556400
566800
599040
565760
416000
470080
451360
475280
267280
325520
256880
310960
358800
453440
361920
509600
516880
473200
480480
567840
490880
428480
531440
535600
562640
698880
635440
588640
564720
602160
434720
419120
396240
358800
308880
405600
478400
511680
498160
490880
479440
513760
471120
566800
469040
447200
559520
538720
533520
432640
469040
462800
501280
433680
432640
299520
258960
339040
463840
563680
532480
520000
437840
279760
393120
429520
541840
599040
528320
451360
458640
501280
479440
514800
591760
523120
377520
468000
433680
352560
252720
269360
283920
184080
168480
202800
235040
226720
341120
324480
279760
206960
315120
355680
474240
228800
195520
308880
439920
483600
552240
284960
256880
249600
333840
379600
352560
343200
628160
459680
640640
448240
220480
219440
204880
243360
214240
117520
152880
300560
411840
452400
328640
266240
288080
302640
299520
287040
229840
245440
261040
278720
302640
281840
358800
374400
247520
333840
406640
291200
344240
476320
419120
268320
264160
262080
276640
313040
257920
231920
189280
289120
306800
149760
254800
391040
403520
301600
277680
336960
367120
165360
276640
366080
370240
236080
120640
146640
214240
305760
377520
322400
235040
239200
282880
256880
263120
320320
410800
349440
345280
257920
358800
586560
462800
452400
558480
523120
378560
365040
349440
430560
393120
445120
525200
412880
482560
518960
425360
504400
397280
272480
425360
412880
464880
646880
412880
533520
514800
587600
691600
504400
505440
329680
406640
606320
533520
792480
720720
781040
684320
711360
640640
615680
554320
472160
396240
590720
592800
682240
661440
840320
608400
501280
422240
282880
374400
308880
412880
416000
325520
393120
327600
309920
305760
239200
191360
245440
293280
394160
615680
504400
318240
394160
314080
312000
320320
305760
304720
276640
390000
489840
459680
295360
238160
292240
321360
335920
307840
282880
276640
253760
269360
313040
481520
390000
452400
559520
495040
525200
417040
464880
281840
186160
346320
351520
240240
330720
378560
484640
581360
479440
657280
663520
614640
481520
523120
605280
550160
678080
531440
443040
555360
406640
512720
489840
645840
602160
546000
648960
407680
453440
416000
437840
533520
324480
391040
480480
453440
517920
721760
615680
473200
331760
356720
461760
426400
295360
310960
458640
316160
221520
299520
380640
396240
351520
304720
390000
474240
399360
268320
284960
324480
432640
489840
584480
475280
371280
278720
378560
367120
431600
361920
189280
226720
234000
225680
328640
392080
372320
450320
485680
470080
491920
401440
205920
236080
340080
216320
327600
340080
308880
487760
459680
525200
349440
302640
372320
333840
262080
476320
565760
333840
348400
251680
380640
323440
425360
466960
373360
360880
382720
346320
484640
544960
551200
336960
329680
412880
404560
366080
327600
341120
349440
379600
440960
419120
422240
407680
505440
488800
422240
450320
323440
416000
504400
509600
514800
462800
422240
335920
308880
452400
440960
436800
407680
423280
526240
421200
394160
345280
418080
458640
577200
573040
504400
307840
186160
255840
261040
393120
599040
678080
599040
520000
423280
544960
397280
491920
392080
370240
287040
353600
396240
273520
368160
251680
294320
447200
432640
247520
357760
289120
265200
224640
356720
381680
460720
447200
349440
295360
419120
440960
528320
708240
618800
535600
625040
443040
479440
375440
426400
710320
789360
731120
608400
574080
642720
448240
297440
515840
500240
394160
407680
402480
291200
280800
305760
338000
294320
384800
371280
253760
273520
265200
158080
151840
136240
169520
146640
201760
279760
232960
230880
384800
385840
374400
315120
411840
484640
414960
298480
339040
385840
226720
282880
378560
442000
379600
379600
229840
343200
343200
455520
458640
444080
459680
253760
209040
165360
254800
380640
426400
444080
417040
472160
416000
456560
470080
342160
373360
453440
392080
282880
205920
257920
361920
235040
249600
277680
185120
244400
420160
459680
619840
438880
394160
375440
454480
351520
208000
321360
458640
310960
336960
252720
365040
384800
426400
414960
298480
339040
264160
266240
341120
544960
560560
634400
627120
468000
501280
469040
605280
628160
575120
609440
510640
619840
352560
323440
447200
563680
676000
557440
239200
270400
308880
425360
444080
326560
367120
347360
403520
472160
527280
302640
243360
229840
327600
412880
440960
472160
379600
312000
319280
269360
234000
187200
336960
338000
217360
335920
271440
212160
306800
350480
327600
372320
384800
250640
249600
358800
332800
381680
438880
429520
366080
354640
370240
413920
382720
369200
369200
348400
309920
444080
518960
460720
402480
419120
537680
520000
484640
608400
733200
635440
526240
464880
476320
393120
399360
347360
393120
375440
364000
264160
409760
508560
432640
457600
434720
614640
677040
581360
591760
429520
454480
498160
530400
618800
618800
471120
460720
405600
410800
468000
679120
647920
643760
841360
596960
543920
546000
463840
487760
645840
496080
679120
582400
492960
316160
533520
347360
376480
419120
374400
341120
355680
509600
720720
565760
552240
707200
613600
417040
227760
330720
335920
409760
530400
440960
579280
673920
696800
621920
744640
799760
617760
573040
487760
522080
591760
547040
521040
374400
350480
317200
369200
326560
364000
414960
345280
368160
400400
322400
376480
413920
437840
388960
338000
400400
469040
431600
344240
333840
433680
502320
487760
530400
404560
353600
349440
403520
436800
419120
432640
396240
477360
438880
458640
460720
398320
388960
351520
475280
401440
424320
420160
411840
416000
354640
313040
547040
544960
460720
420160
408720
361920
406640
366080
413920
403520
378560
368160
443040
567840
575120
521040
489840
491920
523120
565760
676000
719680
573040
529360
510640
484640
486720
604240
383760
328640
275600
356720
412880
302640
472160
536640
463840
609440
575120
444080
435760
516880
512720
633360
523120
609440
536640
548080
587600
548080
751920
683280
476320
498160
398320
479440
486720
406640
506480
625040
603200
529360
848640
573040
464880
357760
423280
600080
762320
719680
736320
671840
581360
445120
523120
506480
595920
364000
270400
437840
645840
606320
674960
825760
733200
696800
746720
594880
601120
499200
502320
654160
611520
668720
808080
946400
774800
869440
499200
555360
638560
510640
594880
468000
468000
420160
343200
457600
562640
583440
596960
567840
662480
745680
579280
536640
527280
554320
462800
492960
593840
589680
602160
438880
377520
435760
624000
782080
671840
748800
760240
653120
671840
696800
555360
567840
515840
436800
666640
421200
412880
507520
566800
689520
685360
732160
654160
583440
518960
407680
510640
500240
549120
454480
634400
702000
642720
656240
572000
365040
459680
564720
612560
593840
714480
448240
592800
533520
628160
647920
722800
574080
565760
688480
520000
687440
677040
678080
615680
625040
550160
427440
459680
648960
642720
630240
719680
471120
535600
786240
557440
560560
662480
616720
521040
471120
530400
622960
497120
401440
482560
474240
547040
355680
364000
486720
673920
670800
715520
726960
859040
833040
942240
621920
686400
843440
642720
742560
660400
773760
821600
543920
430560
510640
547040
573040
448240
435760
417040
360880
425360
517920
497120
403520
661440
657280
698880
575120
548080
639600
527280
631280
634400
592800
637520
607360
479440
539760
478400
654160
738400
880880
898560
755040
591760
491920
684320
751920
844480
590720
646880
591760
604240
715520
844480
848640
875680
668720
494000
423280
505440
618800
630240
615680
579280
710320
559520
562640
608400
630240
624000
721760
580320
620880
628160
655200
880880
797680
719680
899600
621920
563680
455520
440960
479440
654160
534560
576160
610480
648960
512720
455520
535600
540800
613600
696800
801840
488800
615680
666640
584480
383760
500240
592800
559520
756080
593840
543920
532480
452400
742560
604240
464880
584480
514800
557440
581360
694720
676000
757120
882960
755040
834080
792480
960960
697840
548080
643760
577200
534560
503360
655200
757120
669760
558480
773760
813280
684320
472160
483600
605280
528320
501280
659360
685360
614640
612560
698880
712400
598000
575120
418080
547040
582400
524160
572000
560560
625040
624000
344240
442000
491920
525200
579280
380640
330720
395200
416000
448240
402480
357760
317200
458640
375440
223600
332800
452400
411840
409760
696800
686400
581360
478400
361920
400400
439920
430560
489840
598000
563680
515840
367120
500240
547040
570960
565760
522080
550160
393120
419120
354640
364000
539760
734240
674960
526240
319280
358800
369200
432640
430560
459680
440960
444080
424320
400400
428480
501280
620880
366080
345280
430560
315120
376480
335920
222560
359840
397280
460720
473200
401440
299520
382720
317200
219440
171600
258960
421200
412880
375440
366080
386880
318240
210080
295360
430560
472160
403520
472160
526240
481520
428480
385840
369200
515840
522080
514800
565760
553280
393120
427440
429520
397280
500240
683280
352560
482560
369200
421200
515840
474240
437840
383760
508560
451360
433680
588640
588640
607360
544960
404560
508560
589680
573040
416000
399360
394160
428480
661440
594880
624000
549120
427440
473200
596960
704080
658320
498160
521040
297440
272480
397280
447200
481520
459680
625040
508560
593840
488800
346320
412880
355680
253760
292240
366080
274560
293280
218400
272480
277680
334880
321360
263120
294320
271440
210080
206960
131040
200720
252720
201760
312000
376480
336960
304720
324480
317200
361920
368160
338000
341120
380640
320320
330720
346320
335920
362960
278720
179920
304720
362960
238160
327600
234000
192400
168480
318240
385840
440960
317200
386880
238160
248560
278720
390000
267280
191360
211120
258960
360880
203840
286000
147680
186160
348400
498160
557440
392080
382720
280800
236080
201760
180960
279760
241280
312000
384800
344240
484640
582400
373360
338000
308880
114400
173680
270400
255840
182000
180960
254800
268320
267280
297440
365040
466960
366080
520000
584480
603200
487760
494000
600080
658320
582400
598000
491920
394160
456560
402480
267280
299520
248560
457600
568880
529360
515840
427440
375440
323440
360880
425360
371280
287040
206960
237120
147680
186160
168480
177840
279760
215280
246480
168480
202800
283920
250640
335920
157040
133120
183040
165360
194480
213200
255840
310960
433680
339040
297440
237120
283920
354640
358800
228800
235040
325520
402480
252720
242320
319280
332800
489840
336960
393120
423280
235040
230880
213200
370240
318240
309920
349440
132080
149760
132080
173680
195520
203840
366080
368160
360880
393120
522080
353600
351520
384800
355680
369200
350480
513760
391040
472160
539760
466960
288080
298480
231920
405600
273520
385840
399360
255840
308880
238160
301600
164320
112320
243360
242320
234000
263120
185120
192400
325520
266240
250640
383760
422240
348400
476320
342160
298480
158080
221520
196560
161200
217360
305760
303680
309920
288080
286000
239200
248560
257920
359840
286000
303680
242320
270400
313040
371280
417040
513760
470080
380640
322400
290160
404560
409760
522080
557440
566800
484640
570960
615680
694720
750880
834080
687440
836160
760240
651040
517920
544960
481520
385840
431600
382720
446160
486720
515840
393120
583440
544960
572000
591760
609440
575120
517920
567840
444080
511680
826800
754000
609440
552240
486720
355680
489840
409760
514800
667680
574080
748800
900640
677040
540800
527280
384800
373360
453440
502320
528320
522080
554320
499200
497120
374400
385840
555360
536640
543920
670800
512720
554320
734240
672880
678080
709280
576160
562640
680160
664560
565760
601120
743600
508560
503360
598000
578240
673920
457600
465920
535600
563680
510640
503360
566800
566800
434720
488800
451360
452400
665600
654160
450320
564720
514800
541840
482560
463840
411840
477360
421200
528320
443040
523120
505440
600080
589680
517920
505440
474240
540800
501280
604240
559520
473200
426400
431600
418080
427440
486720
586560
499200
0
