70800
67800
69600
74000
67600
70800
71600
70200
72000
68400
72200
69400
71000
69600
70400
72600
72000
69200
68000
71400
68400
71400
69400
72600
72000
71200
71400
72000
69400
73000
70400
71200
70400
72400
70000
67400
70800
70200
70600
71600
69400
70200
69800
70200
71600
68600
68000
69600
69200
71000
69400
67200
70200
68400
70800
67600
70600
70000
72200
68000
70600
67600
69000
69800
70600
71200
68800
70400
69800
68000
70600
70800
67600
71000
72200
67800
69200
71200
67200
69000
68800
70800
71000
67400
69200
71800
70000
71000
69800
69800
70800
69600
72600
68800
67200
69200
68800
69600
70400
68200
70800
71600
71200
69600
71200
69600
66000
68800
72400
71000
68800
69800
70600
69600
64800
70200
70400
71000
70200
70600
68400
70000
67400
71000
68400
68800
70800
71600
69000
71600
70000
70800
72200
72000
70400
70000
70800
69800
69400
71000
69400
69800
69400
69400
69000
70000
70800
69400
71800
69000
70200
68800
70800
68800
70600
71200
66400
72200
67000
69000
70200
69000
70200
67800
69800
68400
70000
69600
70400
70000
70800
69400
67200
69400
69000
70000
69800
70600
69200
70600
71200
70400
69400
69400
71400
67200
69600
71000
71800
70200
70600
66800
70400
68000
72800
68400
70400
68000
70600
71600
67600
72800
70000
71800
69000
70800
70000
69600
72000
71600
67000
70800
69400
72200
71800
70000
69200
69600
69600
70200
71600
71400
70400
72600
69000
71800
67400
69800
69000
72200
71800
69800
73400
66200
70400
70400
70800
70000
70000
69200
70800
69200
71400
68400
68200
70800
70200
69000
72000
65800
69400
71600
67200
70600
69400
69200
70400
69600
71600
68000
70000
71800
69800
68200
70800
71000
68800
67600
71000
69000
68200
69600
70800
69600
70200
70200
66200
72800
69800
70600
68400
71800
70000
71200
68400
72800
69000
71000
69400
69800
70600
71000
70800
70400
71600
67600
70400
69400
70200
70600
71800
68400
68800
72000
70800
66400
69400
68600
71600
70600
68600
69800
71600
69800
71000
70400
68600
70800
71600
71400
67800
69800
72600
68600
69600
68800
68000
71400
71200
68200
71600
69000
66000
71000
70800
68200
71800
68400
71400
69600
70400
64800
73000
68200
72000
70000
70400
68600
67800
70800
70400
70000
71000
70800
70000
70800
69000
69400
71600
67200
71400
70200
70600
69800
69400
69600
71400
69400
69600
71600
69000
68400
71800
71400
68000
70200
72600
68000
67200
70600
69800
71800
69200
71800
68400
71600
71400
72000
67000
70400
71000
70400
68800
70400
70200
70600
72400
66200
71400
67200
71600
69600
70800
69000
68600
68600
69600
72800
67800
72400
67800
69200
69000
68400
69400
68000
68600
71200
70200
69800
69800
73400
67800
70200
71000
69200
70800
70400
70600
66200
67800
69600
70200
71200
68600
70400
70600
69600
72800
67800
72200
69000
69800
69600
68800
71200
71000
68000
68600
72000
69600
69600
69000
70400
68600
69200
69200
67600
72000
72200
68600
68200
67600
69400
70200
70000
68600
71400
72000
71400
68800
69600
71200
71000
70600
69200
68000
71400
72200
70600
71000
69000
69000
72000
66800
70600
68600
70000
69800
69200
70600
66600
68000
69600
69800
71800
69200
67800
69600
70000
70000
69800
71200
69400
64800
71600
69400
72200
69400
67400
71600
69800
71400
70600
70200
68400
70800
67000
70200
71600
68600
67400
71400
70200
68800
69800
71000
70000
68200
72000
68800
68800
71800
69800
70400
70000
70000
72000
69800
68600
69800
71000
71200
69000
70000
70600
69800
70400
67400
67600
71000
71600
70600
72200
68400
70600
70800
67600
71000
70600
69200
68200
71000
67600
71800
69200
72000
68400
71400
68800
69600
71400
69400
68600
69800
71600
68200
71800
72200
68200
72200
69600
69200
68400
70600
70400
70800
69200
67600
70600
68600
70600
68400
71000
69600
69800
70200
70000
65400
67800
71400
67000
71800
70200
69400
68600
69000
70800
69800
68400
71000
69200
69800
66200
72200
69000
71200
67800
71600
68400
67200
69600
70600
70200
66800
71200
70200
69600
68600
68400
70600
69200
69800
68800
70600
70800
69000
69400
69600
70000
70000
70800
70200
71000
70600
70400
69800
68600
68200
69800
70000
69200
69800
67400
67200
70800
67000
70400
69600
69600
69400
69200
71000
69400
68400
71000
70800
68400
69200
70800
69000
71000
68200
69200
65800
68800
71400
69400
66800
70600
70000
68600
70200
69600
68400
71000
66200
70000
70800
67200
69600
67800
70000
68400
70000
68400
70200
69000
68200
69600
67800
69800
71400
68600
68400
68800
70400
69200
67600
72000
70000
69600
68000
70200
70400
67200
69000
70200
66400
67400
71200
65800
69200
70400
68800
68400
71000
69400
70800
68200
66800
70600
68400
70400
69200
70800
71400
68800
69600
68000
69800
72000
69600
71000
67600
69000
69000
72600
67600
71000
70000
66400
72800
70200
69400
70200
69600
68400
69600
70200
68600
69200
66600
69400
69200
70800
66800
69600
69400
69800
70200
68200
68600
70200
71400
69200
70200
70400
69400
68800
69200
67200
69600
66800
70800
70600
67800
68800
70200
68400
72200
70600
68000
70000
69200
69200
68000
71800
69400
69800
71000
68400
71000
71600
68000
67800
72400
70200
70200
69200
70600
69800
68000
70600
69200
68800
70600
67800
71800
71000
69000
68200
68600
67800
67000
67800
68400
67800
72000
69000
69200
72200
69400
69400
68800
70600
71600
69200
70800
66800
71000
67400
69200
70600
69000
68800
68000
70800
68800
69000
70000
71000
69800
68200
71000
68800
68000
71200
70200
69000
69600
70400
69400
69800
69000
68200
68600
69400
70600
69800
69200
67200
68400
65000
67600
69000
69600
70600
69400
66800
67600
70200
70800
67600
69600
68400
70200
67400
72000
69000
68400
69800
70800
68600
66200
71200
70200
70400
70800
70800
68000
70600
70400
67600
70200
70000
69600
67800
70000
69600
68800
72600
69000
69800
70400
70800
67800
67600
70200
70800
66800
70000
68800
71000
69800
68600
67800
67200
69800
68400
70600
71400
71000
67000
72400
67600
72200
70200
69600
71400
70800
69800
70400
69200
68400
69800
70400
70200
72200
69400
70200
70400
71000
71800
69600
70800
69800
69800
67800
71400
68000
71800
70400
67200
70400
69200
68000
72000
70000
72200
69600
70200
70400
69000
70600
66000
68200
67600
69600
69600
70000
68000
69600
69800
68000
70400
70400
69200
71800
69800
70600
68800
71200
72200
68600
70800
68000
71800
69400
68200
69600
69400
70000
68800
69200
70200
71400
72000
70000
68600
69600
69800
71200
70200
71600
70400
69800
69400
70000
68800
70400
70000
67200
71800
70000
69200
71200
69200
68200
68400
72000
69600
69800
71000
71200
70600
67800
70600
69600
69400
67200
70400
69400
70400
68000
70200
70800
72400
70800
67400
71200
66800
72000
73000
68600
67400
71000
71400
69800
68400
70400
68200
69800
69000
70200
70200
69400
68800
70400
70600
69200
68200
71600
73000
68800
68600
69000
72600
69600
70800
69600
68400
71400
69600
66600
71400
70400
68000
70000
71800
70200
69000
69800
69600
70800
71600
69400
71400
70400
68800
70800
71600
68600
69600
70000
71800
69600
69800
70400
69200
71400
69800
70600
70400
71600
67600
68000
69200
69200
66600
70400
71200
70600
69000
72600
69200
71000
70000
66400
68600
68200
70600
70400
68200
68400
70000
69000
70000
68200
72200
65600
71400
69800
69200
68600
71400
69200
67600
71000
68200
69200
69000
69000
70600
67200
69200
69000
70600
66200
70200
69400
70200
70600
69600
70800
70800
69400
69800
68200
70200
68600
67400
72200
69200
70800
68200
72000
66600
71800
70200
70600
70600
69600
71200
69600
71600
67800
67400
70000
70800
70800
69200
68800
69800
69200
70000
70400
70400
70200
70800
68600
67000
68400
67800
69400
70000
68600
68400
71800
68200
70000
66800
70600
69800
69000
72600
69400
68400
69400
70600
68800
71000
68400
69200
68800
71400
69600
69000
66800
69200
70200
69400
68800
71400
68000
71200
70200
69400
69800
70600
70400
70000
68400
68000
71800
71000
70600
67000
69800
69800
70400
71000
67400
67200
70400
69000
69600
68200
71000
68600
69000
71000
71400
69800
70600
69600
70400
67400
70800
69600
70200
68400
69800
69800
69200
69800
68800
67800
71000
70400
69800
67800
68800
70400
70200
69000
70400
70800
67800
69800
71400
69600
68200
71600
68600
71000
68000
70800
70800
71400
70800
68200
70600
70400
70600
72000
67400
71600
68000
69600
71600
68400
71200
70400
70800
70600
69400
68200
69600
72200
67600
69600
70000
70400
72000
70000
68800
70200
70600
69400
71000
69800
69600
70600
67600
69600
71600
68200
69400
71800
70000
71600
67800
70000
69200
69000
70200
70400
66400
72000
70000
70000
70200
69200
69000
70600
70200
67400
71000
67800
70600
68200
70800
68600
70200
72000
69000
69200
69200
69600
70400
68800
68600
70000
70200
66400
70000
70400
69200
70600
70400
68200
70800
68000
70000
69600
68400
71000
69000
70400
67400
70800
68200
69200
69200
70800
68400
68200
69600
68400
71200
69400
70600
69800
69000
70400
68400
71200
69400
69400
71400
66400
68200
70600
67600
70600
68000
70000
68600
66000
70200
71000
70200
69200
67600
71000
69400
69200
69800
68200
69200
68400
72000
69400
69600
67800
70000
67800
71000
67600
69000
70400
70800
70000
69200
68800
70400
67800
68400
70800
71200
66800
69600
72000
69200
69400
68600
68800
67000
69200
70400
68600
66800
69800
67400
71000
66000
70200
67000
69200
69400
69600
71600
68400
68800
70200
68000
69800
69600
67800
70400
71200
68400
71000
69400
70200
68400
68800
68800
67800
69400
70600
67600
72400
68000
66400
69600
69400
70000
69200
66400
68600
72200
69200
69600
69000
69000
70000
68800
71800
68800
67200
68600
70800
69600
68200
69600
69800
67800
72000
69000
68200
71200
69600
67200
70600
69200
70200
68800
69000
68200
71400
65800
71000
66800
71200
67400
70800
70000
69000
69800
70800
69000
69400
68000
69800
69000
70800
71400
69400
68400
71200
70400
69400
68400
71000
73000
70200
67800
69000
70600
68400
70400
69200
69600
69600
70800
69800
69400
71000
68200
69800
66800
70600
66800
67400
69600
72800
69200
67000
71200
69800
68000
66800
67800
70200
70000
63000
70200
68200
71400
69200
68600
65800
68000
68200
69800
72800
66400
70000
68200
70200
68800
66400
70600
68200
70400
67000
72200
69200
70000
68600
71000
67800
70400
67400
71800
66400
70600
68000
71800
71000
68200
70000
69800
69600
67400
69800
67600
70000
67800
69400
69600
68400
67800
69200
69400
68800
66400
68000
71800
67800
71000
69600
69800
69000
68200
69800
69600
70000
69000
66800
72000
71200
69400
69600
70600
69000
71400
69000
68800
70000
68200
68000
70600
69600
69800
68800
67200
70800
70800
67200
67800
70200
68600
68000
68000
71000
67800
70600
68600
69800
69200
67600
69600
71000
69200
68400
71400
69400
69400
71200
66200
68000
68800
69800
68600
67400
70600
72000
68000
71000
71400
68200
71200
67400
71600
69800
68400
68800
69200
69800
68400
69000
69600
67200
71000
68200
68000
67800
72200
67200
70200
67400
68600
70800
68400
69200
72200
70200
69800
69600
68800
71400
69200
71800
69800
69000
69200
68600
68800
66400
69800
68000
69800
69200
69000
68800
72200
69000
70400
69000
69400
70600
68200
69400
70200
70000
68600
69800
70600
68800
68000
70000
68800
70200
70800
68400
68600
68200
68800
71000
70600
70800
70000
71400
70200
71000
68200
69400
68800
67800
73400
68800
68400
69800
67400
67800
70000
69600
70200
70400
71400
68200
70200
69200
71400
67000
70400
66800
0
