125520
322880
710440
539760
641680
349440
354760
336960
130000
365040
307840
210200
447200
395200
230880
248560
171600
433680
324480
190320
295360
338000
333840
209040
37440
43680
97760
115440
55120
46800
111280
107120
65520
160160
104000
150800
153920
176800
309920
287040
240240
374400
225680
117520
111280
135200
183040
167440
108160
236080
266240
257920
221520
289120
426400
191360
334880
225680
402480
591760
480480
440960
666640
388960
369200
198640
260000
340080
390000
180960
168480
122720
216320
206960
143520
390000
352560
328640
396240
386880
448240
510640
203840
282880
169520
143520
262080
313040
334880
268320
348400
431600
404560
253760
275600
251680
280800
392080
379600
402480
621920
251680
304720
327600
322400
328640
224640
498160
387920
367120
466960
542880
421200
473200
685360
723840
655200
521040
717600
407680
370240
430560
381680
376480
426400
379600
144560
188240
111280
205920
111280
355680
218400
119600
150800
303680
245440
187200
154960
208000
182000
217360
232960
76960
166400
280800
367120
319280
399360
307840
526240
606320
524160
425360
462800
390000
574080
664560
518960
388960
238160
292240
251680
312000
246480
410800
294320
422240
410800
486720
541840
379600
262080
273520
454480
487760
409760
393120
320320
354640
381680
382720
364000
299520
298480
446160
411840
359840
251680
258960
257920
330720
386880
309920
218400
366080
366080
274560
403520
385840
543920
651040
646880
411840
219440
321360
335920
150800
332800
203840
192400
217360
282880
212160
271440
174720
159120
67600
173680
211120
158080
170560
269360
186160
359840
422240
194480
210080
231920
150800
136240
153920
277680
331760
323440
400400
304720
187200
215280
200720
235040
248560
366080
344240
428480
278720
195520
144560
257920
178880
340080
430560
187200
375440
304720
275600
326560
235040
185120
246480
277680
336960
219440
143520
199680
208000
160160
270400
400400
523120
706160
394160
222560
273520
372320
268320
402480
404560
448240
417040
449280
309920
312000
180960
262080
345280
215280
229840
308880
92560
66560
81120
147680
102960
261040
220480
273520
210080
258960
394160
364000
245440
353600
346320
405600
550160
544960
376480
298480
288080
295360
289120
318240
228800
333840
228800
192400
238160
250640
260000
162240
142480
98800
220480
200720
151840
287040
213200
190320
219440
110240
157040
148720
130000
128960
194480
131040
295360
204880
303680
365040
313040
343200
396240
288080
242320
205920
206960
195520
198640
280800
241280
312000
270400
440960
322400
345280
228800
177840
232960
246480
296400
210080
147680
190320
329680
150800
216320
271440
201760
202800
160160
115440
208000
243360
177840
219440
379600
429520
620880
509600
608400
560560
444080
538720
563680
475280
447200
333840
398320
410800
499200
361920
463840
376480
163280
131040
211120
223600
279760
300560
119600
187200
335920
358800
251680
336960
125840
165360
195520
223600
292240
126880
217360
318240
274560
315120
260000
171600
205920
215280
349440
343200
220480
244400
269360
231920
195520
296400
231920
390000
304720
414960
240240
189280
142480
158080
168480
148720
127920
160160
264160
416000
350480
210080
386880
133120
173680
366080
449280
423280
216320
232960
257920
360880
167440
369200
333840
297440
274560
146640
339040
479440
491920
334880
396240
341120
257920
143520
105040
83200
205920
185120
92560
75920
173680
186160
236080
66560
61360
12480
23920
62400
46800
115440
128960
126880
72800
115440
161200
84240
179920
113360
203840
284960
163280
309920
274560
269360
249600
310960
201760
176800
225680
282880
339040
315120
303680
162240
297440
276640
178880
218400
283920
336960
314080
435760
473200
228800
420160
236080
262080
310960
230880
192400
267280
282880
244400
390000
219440
378560
421200
265200
143520
131040
145600
202800
203840
176800
183040
326560
509600
219440
186160
97760
58240
176800
300560
143520
179920
372320
331760
286000
142480
188240
246480
310960
321360
213200
144560
178880
253760
215280
162240
268320
299520
312000
168480
213200
212160
213200
148720
174720
360880
205920
300560
156000
290160
245440
156000
210080
191360
177840
185120
131040
315120
340080
293280
263120
301600
356720
245440
265200
348400
476320
491920
310960
288080
302640
380640
178880
276640
376480
245440
290160
271440
353600
106080
187200
193440
230880
140400
176800
315120
497120
293280
392080
221520
223600
223600
153920
186160
190320
184080
164320
215280
208000
245440
236080
297440
331760
405600
329680
410800
265200
176800
252720
175760
156000
273520
272480
431600
356720
219440
352560
208000
315120
485680
513760
444080
336960
309920
428480
477360
378560
383760
589680
275600
402480
369200
384800
328640
282880
385840
345280
256880
354640
380640
168480
140400
277680
230880
241280
252720
303680
381680
557440
421200
272480
369200
246480
182000
327600
350480
356720
411840
455520
391040
237120
472160
630240
825760
711360
560560
572000
654160
416000
476320
541840
611520
748800
542880
365040
306800
365040
399360
437840
241280
246480
169520
174720
228800
403520
398320
640640
743600
628160
456560
510640
463840
459680
398320
323440
575120
629200
317200
317200
322400
386880
495040
314080
314080
490880
378560
514800
734240
479440
454480
439920
265200
212160
269360
395200
435760
246480
188240
427440
377520
404560
241280
213200
267280
307840
383760
492960
330720
463840
329680
287040
201760
321360
321360
256880
421200
355680
369200
393120
266240
295360
261040
255840
378560
266240
370240
329680
485680
384800
279760
275600
393120
303680
338000
358800
577200
611520
718640
783120
659360
661440
646880
557440
552240
510640
514800
426400
523120
576160
332800
395200
605280
408720
419120
425360
270400
289120
343200
439920
258960
230880
264160
410800
546000
550160
495040
357760
375440
299520
375440
292240
257920
262080
291200
332800
344240
367120
442000
447200
670800
381680
387920
242320
296400
344240
244400
261040
191360
184080
136240
125840
118560
245440
269360
232960
289120
274560
280800
353600
394160
424320
432640
373360
212160
135200
247520
348400
340080
283920
315120
240240
291200
423280
379600
442000
420160
433680
366080
316160
550160
588640
378560
387920
379600
245440
517920
635440
530400
517920
475280
677040
583440
530400
219440
266240
257920
279760
229840
290160
375440
252720
354640
325520
343200
210080
291200
338000
559520
456560
263120
272480
353600
276640
71760
53040
179920
301600
169520
169520
272480
300560
150800
230880
258960
317200
158080
222560
292240
221520
98800
115440
133120
223600
392080
403520
268320
250640
101920
228800
140400
153920
193440
189280
205920
242320
201760
235040
88400
157040
184080
174720
170560
159120
237120
221520
264160
313040
253760
497120
546000
317200
347360
145600
135200
213200
146640
293280
169520
169520
124800
197600
235040
193440
196560
309920
351520
269360
297440
375440
644800
512720
386880
420160
425360
438880
261040
289120
471120
511680
258960
230880
291200
421200
543920
611520
590720
409760
278720
179920
139360
67600
237120
130000
142480
172640
256880
335920
305760
319280
277680
219440
156000
123760
199680
329680
338000
297440
533520
385840
368160
379600
277680
307840
443040
301600
253760
332800
149760
166400
160160
260000
144560
212160
215280
213200
280800
301600
126880
203840
257920
295360
223600
572000
400400
274560
279760
228800
288080
310960
394160
246480
327600
300560
289120
355680
231920
218400
310960
315120
282880
217360
236080
295360
248560
290160
84240
186160
227760
290160
245440
246480
289120
289120
332800
423280
475280
316160
342160
436800
409760
503360
412880
450320
323440
116480
154960
270400
423280
435760
89440
104000
164320
157040
170560
195520
272480
212160
219440
204880
230880
200720
245440
201760
171600
135200
133120
212160
257920
187200
106080
109200
94640
162240
170560
182000
266240
136240
199680
336960
342160
552240
210080
194480
298480
316160
270400
280800
198640
119600
169520
165360
170560
221520
299520
318240
301600
260000
351520
323440
250640
229840
109200
262080
392080
403520
445120
662480
619840
324480
370240
379600
349440
392080
355680
360880
402480
225680
322400
316160
407680
397280
479440
621920
546000
365040
349440
364000
434720
633360
526240
327600
436800
470080
491920
437840
303680
399360
357760
229840
132080
169520
217360
192400
289120
224640
346320
383760
117520
295360
279760
157040
186160
147680
297440
322400
343200
320320
124800
191360
159120
66560
290160
287040
222560
258960
278720
214240
230880
380640
260000
508560
407680
194480
295360
243360
193440
202800
178880
215280
279760
208000
148720
153920
276640
274560
153920
185120
164320
185120
193440
234000
198640
265200
444080
450320
362960
670800
521040
426400
411840
573040
510640
541840
526240
305760
293280
426400
253760
355680
454480
360880
308880
384800
382720
444080
418080
123760
303680
393120
229840
329680
386880
422240
667680
565760
516880
576160
504400
412880
306800
444080
94640
171600
279760
245440
162240
90480
69680
117520
130000
172640
284960
309920
151840
100880
184080
149760
92560
176800
214240
120640
197600
88400
178880
303680
199680
138320
175760
223600
115440
68640
83200
99840
64480
104000
75920
152880
154960
120640
151840
89440
95680
100880
112320
55120
71760
190320
83200
131040
134160
138320
250640
205920
90480
84240
109200
168480
314080
221520
377520
388960
261040
263120
117520
179920
275600
135200
176800
249600
218400
227760
206960
206960
328640
321360
376480
284960
215280
332800
179920
212160
89440
142480
134160
193440
210080
243360
205920
139360
128960
291200
255840
304720
202800
102960
104000
217360
193440
202800
320320
229840
249600
320320
490880
335920
314080
305760
379600
302640
258960
260000
333840
279760
229840
227760
300560
315120
609440
738400
497120
456560
254800
158080
168480
204880
478400
252720
185120
221520
322400
543920
393120
433680
654160
617760
485680
372320
322400
329680
379600
354640
293280
282880
206960
280800
206960
161200
174720
232960
244400
299520
272480
287040
310960
222560
346320
481520
243360
307840
271440
234000
240240
315120
157040
267280
385840
397280
230880
298480
377520
351520
422240
183040
203840
180960
248560
286000
328640
408720
504400
536640
520000
348400
272480
294320
158080
237120
126880
140400
127920
255840
292240
370240
577200
437840
429520
279760
295360
275600
172640
160160
153920
302640
436800
247520
424320
428480
510640
381680
230880
308880
304720
406640
176800
231920
270400
390000
386880
426400
366080
380640
480480
562640
475280
439920
365040
342160
303680
308880
218400
294320
387920
306800
286000
289120
370240
547040
952640
550160
646880
715520
774800
632320
611520
629200
526240
478400
527280
504400
552240
491920
528320
572000
373360
305760
342160
194480
139360
247520
157040
182000
105040
109200
184080
160160
199680
165360
141440
146640
179920
68640
175760
308880
315120
304720
307840
362960
296400
318240
291200
314080
243360
249600
328640
263120
227760
345280
420160
344240
440960
388960
273520
213200
268320
236080
189280
304720
263120
210080
404560
580320
633360
286000
432640
553280
461760
410800
458640
419120
324480
605280
447200
376480
686400
475280
273520
144560
336960
326560
348400
491920
546000
386880
506480
574080
388960
314080
203840
335920
449280
499200
619840
459680
464880
387920
461760
469040
579280
404560
438880
419120
255840
373360
226720
240240
244400
494000
437840
236080
316160
225680
254800
211120
287040
304720
244400
158080
119600
225680
308880
369200
416000
427440
256880
274560
329680
257920
268320
277680
401440
412880
238160
196560
335920
403520
310960
308880
343200
252720
339040
498160
231920
296400
281840
325520
194480
268320
382720
465920
299520
380640
574080
620880
610480
496080
315120
385840
262080
294320
418080
490880
375440
375440
254800
273520
364000
325520
212160
277680
418080
547040
645840
663520
612560
462800
505440
486720
473200
345280
388960
373360
567840
533520
280800
523120
714480
745680
760240
419120
411840
559520
592800
528320
631280
487760
445120
428480
605280
460720
489840
555360
382720
299520
205920
172640
45760
160160
270400
351520
525200
316160
402480
529360
401440
364000
281840
190320
178880
222560
294320
225680
151840
90480
187200
154960
94640
176800
258960
210080
137280
290160
197600
267280
118560
175760
138320
66560
141440
146640
141440
232960
304720
300560
286000
335920
490880
315120
189280
216320
186160
186160
197600
174720
313040
324480
348400
124800
157040
232960
257920
399360
482560
226720
266240
226720
187200
245440
168480
92560
61360
197600
174720
178880
153920
144560
196560
230880
187200
162240
174720
334880
159120
342160
184080
286000
212160
193440
209040
102960
240240
288080
372320
277680
248560
366080
179920
180960
231920
205920
250640
350480
470080
0
