255840
1648600
1226360
859120
1220120
1351040
1700480
1420720
1385360
1647440
1723360
1173200
1348960
1126400
1300080
1028640
1451920
1561120
1136800
1493520
1359360
1005760
774880
877840
688560
1158640
1208560
1374960
1355200
1595440
1227280
1447760
1397840
1256400
1319840
942320
1339600
588720
1360400
1031760
1285520
994320
1313600
1153440
1162800
438960
750960
1105600
797760
1047360
289200
879920
685440
470160
891360
624080
896560
1113920
976640
998480
958960
1059840
499280
638640
822720
954800
894480
660480
762400
1075440
1034880
1660960
954800
1101440
817520
1059840
923600
924640
900720
612640
929840
1021360
1034880
927760
837280
711440
790480
594960
895520
651120
963120
951680
1310480
1066080
638640
922560
427520
849760
800880
1182560
759280
1370800
304800
1148240
833120
1004720
731200
1213760
1183600
630320
524240
258000
600160
640720
1083760
475360
876800
914240
921520
764480
553360
1279280
830000
969360
1114960
1206480
641760
975600
1264720
801920
1270960
1267840
1221040
1257440
1722320
1509120
1767040
1308400
927760
1446720
893440
1499760
1347920
1159680
1385360
1257440
1403040
1710880
1466480
1827360
1139920
1565280
1675520
1179440
1139920
1179440
1605840
1454000
1285520
1504960
1293840
1501840
1213760
1525760
1154480
1173200
1471680
1443600
1494560
1350000
1397840
1160720
929840
965200
938160
1318800
1016160
1175280
1094160
721840
634480
920480
1016160
1381200
1064000
981840
603280
916320
661520
910080
697920
748880
888240
1497680
1275120
1300080
1170080
929840
952720
419200
972480
204960
1080640
393200
710400
546080
412960
857040
652160
905920
1127440
1021360
1008880
667760
1103520
634480
1373920
757200
1054640
1244960
492000
984960
1179440
1192960
797760
1234560
1538240
1087920
1660960
1436320
1206480
1392640
1013040
1284480
1170080
1138880
1206480
931920
702080
581440
903840
619920
1236640
908000
1172160
1250160
1246000
912160
1287600
982880
1208560
1280320
1018240
1268880
866400
994320
667760
1103520
597040
1241840
1096240
653200
830000
877840
670880
1207520
961040
1240800
902800
816480
1303200
734320
1542400
730160
1422800
1022400
1304240
1161760
929840
575200
935040
815440
709360
1415520
845600
975600
1093120
1103520
822720
897600
843520
1020320
972480
928800
660480
712480
529440
950640
888240
963120
685440
948560
1391600
1298000
970400
1382240
1041120
1274080
1419680
1513280
1378080
930880
1567360
1320880
1184640
1191920
1020320
1711920
1177360
1374960
839360
1541360
911120
1350000
1438400
982880
792560
555440
995360
1116000
1209600
550240
585600
656320
658400
769680
741600
641760
1040080
562720
1055680
663600
979760
926720
1017200
1036960
816480
1123280
1022400
624080
684400
476400
1010960
598080
1151360
1123280
892400
665680
894480
788400
779040
874720
1065040
1163840
835200
862240
1074400
961040
653200
910080
1061920
914240
1049440
1056720
1073360
914240
970400
978720
1008880
919440
901760
937120
844560
840400
797760
840400
888240
1211680
1309440
1151360
1131600
1290720
1254320
1005760
1184640
949600
722880
841440
579360
969360
620960
823760
1009920
908000
838320
1034880
735360
820640
852880
591840
812320
534640
882000
902800
1095200
580400
1263680
779040
1058800
874720
615760
841440
910080
1196080
988080
497200
1031760
1174240
912160
1244960
278800
1147200
911120
991200
908000
903840
1339600
591840
1083760
1004720
873680
1049440
903840
1040080
896560
583520
851840
729120
1188800
750960
876800
1491440
825840
1072320
576240
1055680
810240
845600
766560
1140960
742640
696880
831040
1070240
738480
817520
1226240
1004720
707280
880960
930880
768640
503440
617840
703120
639680
1517440
1040080
1200240
1377040
1078560
809200
1238720
1107680
848720
970400
638640
1308400
830000
911120
1336480
796720
1347920
1109760
1395760
1249120
1187760
1232480
540880
851840
763440
1000560
1147200
1154480
1006800
1261600
997440
1262640
1126400
1162800
1360400
1146160
1254320
908000
850800
1238720
1313400
1454200
1214800
1520560
1038000
1138880
1158640
1546560
1017200
1281360
1257440
910080
1403040
1371840
1336480
1532000
1419680
1132640
1084800
1041120
883040
971440
919440
1340640
873680
1131600
1419680
953760
1313600
1192960
1149280
635520
717680
1278240
1412400
1444640
1159680
1206480
1435280
1445680
1360400
1008880
1058800
693760
674000
536720
867440
1275120
1027600
1110800
947520
1111840
1077520
1078560
1148240
896560
684400
1336480
1046320
1147200
1226240
955840
984960
956880
1295920
1026560
1358320
718720
196640
173760
1159680
488880
480560
260080
1002640
310000
1060880
661520
670880
975600
668800
929840
992240
991200
745760
445200
800880
697920
1040080
764480
1090000
1287600
1265760
923600
1286560
694800
955840
1006800
577280
935040
668800
714560
899680
896560
823760
609520
916320
383840
902800
650080
683360
213280
760320
616800
156080
655280
1080640
522160
1247040
1314640
1214800
832080
1097280
722880
820640
779040
1068160
605360
1196080
630320
1194000
1134720
1163840
1428000
815440
1038000
963120
1149280
1166960
654240
1522640
1066080
1221040
918400
951680
557520
815440
248640
741600
202880
708320
779040
1176320
1145120
943360
866400
797760
1190880
972480
515920
859120
942320
1040080
997440
882000
1269920
1014080
557520
837280
343280
1161760
744720
421280
681280
498240
914240
779040
880960
1041120
706240
990160
685440
1269920
1577760
1243920
955840
1007840
1155520
971440
623040
1205440
896560
997440
1288640
1348960
1307360
1136800
1336480
729120
890320
320400
874720
354720
935040
980800
1273040
1053600
641760
1121200
1108720
1187760
1280320
910080
608480
2050960
1643280
1496640
1237680
1490400
1949040
1582960
1372880
1285520
1865840
1230400
1495600
1678640
1081680
1136800
1464400
1006800
535680
1106640
889280
837280
987040
454560
1163840
627200
736400
325600
1206480
432720
909040
962080
1511200
1422800
1108720
609520
1135760
1283440
1087920
1083760
872640
1019280
780080
1058800
983920
1158640
565840
1200240
1668240
1388480
1416560
922560
1156560
1108720
1279280
1108720
1153440
1062960
1354160
1492480
1443600
1234560
893440
762400
884080
1000560
954800
733280
1229360
889280
524240
1223120
1352080
785280
702080
1088960
932960
897600
931920
826880
781120
1103520
1135760
496160
538800
710400
415040
601200
679200
525280
1111840
992240
1119120
973520
1146160
701040
992240
915280
853920
947520
1220000
1156560
635520
617840
912160
920480
859120
684400
1006800
1304240
379680
805040
590800
904880
994320
1292800
986000
1040080
1150320
1309440
317280
1327120
871600
901760
1189840
894480
1343760
1523680
1074400
1146160
649040
897600
995360
680240
1035920
195600
906960
976640
1148240
740560
1112880
753040
1106640
1247040
896560
996400
1157600
808160
1476880
555440
1224160
455600
850800
664640
1143040
559600
983920
1156560
1335440
1329200
1052560
1183600
1448800
1468560
1054640
1524720
1261600
629280
1105600
691680
770720
739520
1291760
934000
847680
556480
1157600
770720
271520
617840
866400
1118080
1180480
1159680
1177360
1149280
1104560
865360
677120
554400
619920
651120
525280
416080
872640
890320
812320
560640
861200
1248080
760320
896560
1320880
429600
1212720
889280
484720
652160
744720
726000
919440
615760
1083760
732240
680240
164400
176880
219520
509680
225760
700000
541920
773840
1142000
1226240
629280
703120
716640
738480
810240
693760
250720
560640
831040
566880
860160
841440
546080
556480
858080
880960
1120160
828960
1070240
1093120
887200
868480
1221040
1545520
574160
1172160
896560
897600
285040
1331280
292320
1151360
533600
1012000
876800
350560
669840
454560
671920
500320
1213760
909040
1181520
944400
996400
1079600
721840
635520
598080
840400
804000
617840
1098320
1014080
830000
607440
844560
526320
354720
875760
593920
588720
821680
893440
697920
608480
1101440
1290720
1033840
1113920
479520
418160
573120
506560
499280
816480
759280
351600
837280
1080640
963120
850800
1057760
1263680
783200
863280
752000
862240
563760
723920
687520
495120
936080
902800
1156560
1095200
1632880
1081680
1692160
1673440
1404080
1106640
1539280
1370800
1248080
1565280
1226240
1114960
1077520
822720
1100400
619920
1246000
879920
1056720
1108720
1043200
1281360
993280
1181520
709360
1177360
867440
1252240
964160
521120
776960
1246000
916320
1355200
1382240
1334400
860160
1080640
813360
1281360
336000
1155520
649040
1342720
508640
913200
941280
800880
867440
469120
789440
713520
726000
584560
786320
601200
977680
643840
481600
885120
852880
1475840
581440
1386400
596000
1263680
737440
1241840
1106640
1147200
403600
1155520
1247040
1045280
967280
938160
1032800
1460240
1458160
1190880
1665120
1192960
905920
831040
813360
1047360
1257440
904880
606400
773840
1050480
1101440
1174240
1102480
426480
925680
779040
1174240
947520
1321920
1316720
1097280
880960
929840
958960
1484160
606400
1214800
986000
1030720
630320
827920
1258480
1100400
721840
657360
811280
1016160
978720
1298000
1233520
1449840
987040
759280
551280
397360
1072320
1046320
706240
812320
924640
613680
1060880
810240
618880
687520
1160720
813360
564800
1413440
883040
1157600
853920
864320
1133680
1052560
1357280
997440
1475840
920480
445200
820640
1102480
921520
557520
1463360
488880
1392640
706240
553360
1347920
1232480
526320
964160
718720
728080
940240
953760
831040
1099360
874720
1440480
884080
560640
931920
488880
1182560
1140960
1077520
864320
1114960
1215840
789440
1132640
969360
1591280
627200
843520
939200
936080
785280
965200
900720
767600
736400
669840
917360
727040
259040
704160
538800
306880
444160
575200
627200
676080
627200
857040
1015120
903840
1292800
931920
962080
1045280
686480
605360
756160
792560
577280
460800
1195040
665680
743680
788400
807120
834160
708320
1027600
1153440
1364560
1088960
945440
1415520
1249120
987040
1118080
649040
807120
591840
762400
958960
1341680
987040
1514320
906960
736400
831040
1156560
547120
755120
574160
1019280
573120
891360
1003680
456640
948560
1006800
1607920
1122240
1076480
613680
818560
807120
653200
1259520
828960
899680
635520
714560
813360
1085840
241360
737440
1250160
852880
1238720
469120
1040080
1026560
951680
1180480
392160
606400
578320
565840
558560
937120
1267840
1347920
1256400
1266800
1234560
1292800
1293840
1226240
1101440
1203360
922560
927760
940240
901760
838320
1327120
688560
896560
819600
858080
1039040
1114960
898640
767600
552320
723920
771760
609520
640720
482640
708320
1210640
730160
910080
524240
681280
835200
548160
873680
827920
1154480
897600
1119120
893440
1008880
1198160
1033840
1049440
662560
1179440
756160
1269920
1379120
1606880
1628720
1387440
1321920
1050480
1015120
961040
1061920
976640
768640
370320
866400
399440
858080
894480
1124320
1206480
747840
824800
756160
714560
827920
740560
310000
732240
731200
1088960
525280
899680
408800
614720
616800
910080
1074400
747840
1347920
1019280
970400
1064000
747840
1083760
539840
688560
573120
766560
964160
1386400
1180480
984960
1083760
1244960
1033840
765520
714560
893440
1269920
877840
998480
1268880
949600
1082720
1065040
1180480
1030720
467040
798800
1395760
924640
417120
623040
373440
753040
827920
437920
805040
729120
603280
1163840
714560
764480
1101440
783200
998480
993280
866400
589760
448320
227840
253840
220560
532560
656320
800880
693760
975600
969360
836240
302720
1247040
370320
645920
891360
1160720
693760
1354160
1096240
771760
874720
1092080
636560
1470640
1203360
1113920
1337520
662560
1000560
523200
912160
649040
343280
559600
558560
578320
576240
862240
935040
399440
758240
669840
714560
789440
561680
447280
602240
475360
834160
764480
706240
602240
754080
675040
486800
773840
638640
685440
1134720
896560
1006800
284000
1045280
709360
801920
982880
857040
560640
638640
832080
635520
940240
503440
978720
719760
859120
533600
724960
1267840
1001600
1057760
696880
998480
1545520
1642240
938160
997440
764480
754080
330800
1241840
1298000
1669280
1266800
1533040
1265760
1062960
1473760
976640
1215840
809200
1131600
1029680
911120
498240
1072320
951680
926720
1052560
994320
1213760
1062960
1000560
448320
1108720
690640
1206480
977680
856000
916320
1101440
743680
1140960
1302160
1243920
1103520
1087920
1597520
1387440
1044240
757200
730160
1070240
1144080
836240
1533040
854960
417120
822720
648000
253840
1080640
458720
1112880
1223120
1098320
923600
1341680
1033840
1418640
962080
795680
593920
1035920
752000
820640
868480
622000
489920
812320
1191920
971440
1222080
822720
1039040
560640
917360
1363520
787360
1541360
1288640
905920
1288640
601200
1117040
632400
833120
1364560
906960
866400
756160
552320
873680
999520
835200
1059840
996400
882000
995360
738480
1029680
1303200
793600
793600
707280
1354160
1027600
876800
1309440
966240
1148240
1260560
622000
1048400
936080
688560
968320
604320
1221040
990160
1031760
1324000
839360
733280
1174240
788400
863280
891360
867440
919440
1262640
1009920
1058800
826880
811280
973520
1132640
736400
917360
660480
797760
723920
549200
745760
716640
772800
772800
812320
1045280
946480
943360
1072320
1189840
1117040
868480
1005760
886160
688560
895520
631360
1273040
872640
1086880
1238720
1095200
1147200
992240
1435280
1448800
1253280
973520
899680
1234560
672960
1468560
1272000
1000560
1169040
1059840
951680
997440
712480
547120
578320
584560
929840
614720
708320
800880
558560
934000
968320
683360
876800
1206480
718720
1318800
887200
1292800
988080
1102480
1078560
683360
1008880
919440
804000
846640
1062960
1083760
919440
688560
809200
609520
876800
774880
1218960
1123280
715600
822720
1159680
1085840
1143040
977680
1579840
1007840
897600
734320
796720
1088960
1315680
1646400
1423840
0
