413360
2615240
1844120
1515360
2391160
2378560
2810160
2286000
2454480
2473200
2530400
2322400
2731120
2150800
2520000
2330720
3047280
2809120
2358800
2355680
2308880
1862720
1717120
2339040
1473760
2362960
2070720
2925600
2371280
2766480
2304520
2502520
2360880
2308880
2086320
1981280
2602160
1270960
2152880
2028080
2031200
1981280
2351520
2145600
1534080
1243920
1311520
2022880
1528880
2267280
1344800
1864800
2087360
1728560
2297440
1576720
2163080
1988760
2198640
1622480
2066560
2075920
1131600
1711920
1682800
2026000
1640160
1025520
1521600
1408240
1480000
2450320
1154480
1735840
965200
1834640
1124320
1704640
1374960
773840
2038480
2125840
2041400
2206120
1627680
1838800
2102960
1559040
1944880
1485200
1868960
2370240
2146640
2328640
1696320
1638080
1419680
2159120
1974000
2094640
1932400
2599040
1177360
2065520
2022880
1664080
1775360
2084240
1719200
1267840
1190880
856000
1731680
1731680
2163280
966240
1631840
1735840
1870000
2173680
1774320
2417040
2092560
2117520
2513760
1620400
1838800
2142480
2054080
1140960
2020800
2007280
1967760
1734800
2118560
1959440
2277680
1886640
1515360
2377520
1822160
2733200
2631280
2220480
2598000
2479440
2136240
2848640
2691600
3151080
1997080
1988560
2188240
1650560
1806560
1736880
2137080
2291400
1722320
2677040
1539280
1918880
2012480
2219440
2562640
2399360
2011440
2222560
2308880
2658320
2592800
2002080
2230880
1726480
1896000
2160160
1830480
1746240
1961520
1253280
1416560
2006240
1480000
2607360
2128960
1822160
1745200
2133120
1810720
1549680
1418640
1584000
1370800
2258960
1524720
2153920
1402000
2043680
1143040
1409280
1858560
900720
2044720
979760
1752480
948560
904880
1092080
1454000
1778480
1880400
1759760
1886640
2142480
2433680
2031200
2887120
2321360
2660400
2520000
1559040
1989600
2215280
2049920
1985440
2344240
2738400
2427440
3014000
2690560
2543920
2379600
2412880
2354640
2230880
2410800
2471120
2379600
1643280
1511200
2175760
1689040
2583440
1863760
2627120
2167440
2834080
2008320
2100880
2327600
2107120
2548080
2198640
2503360
1972960
2000000
2087360
2312000
1833600
2852800
2125840
1748320
1972960
1575680
1544480
2361920
1937600
2377520
1786800
1908480
1899120
1664080
2640640
1307360
2439720
2341320
2422240
2252720
1842960
1385360
1579840
1762880
1338560
2206960
1991680
1637040
2163280
1632880
1440480
1916800
1841920
1715040
2039520
1950080
1974840
2266440
1296960
2180960
1719200
2012480
1253280
1587120
1808640
2561600
1834640
1753520
1422600
2253960
2298480
2210080
1912640
2042640
2117520
2106080
2441800
1817160
2123760
2498160
1996880
1889760
2084240
2393120
1660960
1711920
2367120
1897040
1957360
916320
1955280
1648480
1647440
1109760
1487280
911120
1061920
1569440
1423840
1121200
2015600
1414480
2047840
1256400
1562160
1558000
1594400
1764960
1910560
1807600
1735840
878880
1341680
1317760
1753520
1239760
1782640
2190320
1560080
1412400
1119120
1210640
1059840
1584000
1405120
2045760
1353120
1772240
2054080
1942800
1773280
1821120
2418080
1744160
2090480
2327400
2545160
2088400
2401440
2035360
2039520
2120640
1917840
2196560
2026000
1573600
1899120
2177840
2182000
2047640
2582600
1860640
1813840
2588640
2695760
1658880
2220480
1891840
1553840
1763920
1621440
2204880
1886640
1734800
2417040
1701520
2036400
2388960
2099840
2178880
1690080
1718160
2123760
1861680
2037440
1885600
2316160
1456080
2193440
1433200
2083200
2088400
1399920
1821120
1936560
1898080
2158080
1845040
2061360
2747760
2313040
2592800
1456080
2294320
1975040
2106080
2116480
2119600
2547040
1777440
2241280
2081120
1738960
1808640
1952160
1891840
1708800
1289680
1815920
1923040
1908480
1927200
1763920
2190320
1649520
1608960
1478960
1924080
1659920
1698400
1433200
2100880
1433200
1754560
1652640
2510640
1695280
2370040
2225880
2252720
1716080
1907440
2293280
1808640
1588160
1978160
2023920
2221520
3101360
2087360
2310760
2919560
2288080
1987520
2492960
2549120
2310960
2327600
1720240
2372320
2112320
2497120
2567840
2159120
2849680
1892880
2551200
2475280
2253760
2327600
2130000
1595440
2034320
1784720
2041600
1939680
2064480
2052000
2323440
2691600
2369200
2136240
2303680
2060320
2031200
1861680
1682800
2339040
1823000
2542040
2270400
2723840
2042640
2322400
1740000
3079520
1740000
1990640
2358800
2446160
2986960
2688280
2447400
2378560
2334880
1571520
1867920
1742080
1067120
1779520
1519520
2477360
1824240
2114400
2048880
1779520
2110240
2119600
2223600
1585040
1839840
2357760
2970320
2855920
2018720
2114400
2468000
2546000
2133120
1850040
2563880
1540320
1345840
1306320
2032240
2300560
1874160
1707760
1760800
1567360
1919920
1653680
2361920
1604800
1802400
2256880
1885600
1303200
2588640
1779520
1734800
2069680
2142480
2442000
2338000
1611040
1528880
1435280
1774320
1318800
1588160
1176320
2366080
1270960
2209040
1341680
1998960
2041600
2010400
1743120
1923880
2345480
1616240
1309440
1698400
1754560
2132080
1801360
1778480
2141440
1854400
1563200
1950080
1750400
2228800
1667200
1413440
1734800
1306320
1675520
1722320
2166400
1408240
1112880
1508080
1859600
2408720
1922000
2034320
1396800
1620400
1558000
446240
1928240
2015600
1395760
2379600
2235040
2059280
1408240
2078000
1545520
1518480
1462320
1893920
1196080
1689040
1150320
1368720
1460240
2145600
1931360
1829440
1809680
1910560
2006240
1654720
1031760
2050960
1645360
1964640
1395760
1760800
1513280
1873120
1804480
1364560
1148240
991200
1991680
2107120
2236080
1935520
1093120
1588160
1683840
1131600
1030720
1414480
2124800
1915760
1994800
1379120
2061360
1777440
1585880
1917000
765520
1559040
1710880
1087920
1983360
1941760
1933440
2264160
1830480
2475280
2042640
2243360
1809680
2410800
2799760
2338000
2343200
2039520
2411840
2120640
1747280
2116480
1974000
1953200
1946960
2577200
1625600
1890800
2427440
1501840
1488320
1329200
1876040
1416760
1679680
2203840
2050760
2720920
1662000
2209040
2391040
2713440
2183040
1698400
1487280
2797680
2490880
2073840
2594880
2305760
2866320
2323440
2408720
1637040
3095120
2111280
2371280
2732160
1617280
2295360
1849200
1991680
1138880
1813840
1395760
1755600
1617280
1308400
1740000
1272000
1287600
840400
1677600
1649520
2183040
1834640
2791440
2876720
2173680
1677600
2272480
2119600
2465920
1997920
1498720
1972960
1600640
1642240
1385360
2237120
1307360
2263120
2947440
2274560
2365040
2040560
1885600
1875200
2484640
2229840
2188240
1966720
2500240
2536640
2700960
2504400
2387920
1887680
1997720
2066760
2307840
2049920
2563680
2044720
1137840
2316160
2247520
1588160
1685920
1419680
1952160
2088400
1807600
1346880
1589200
2556400
2194480
968320
1578800
1569440
1206480
1485200
1551760
1437360
2254800
1882480
2075920
2065520
2608400
1823200
1912640
1814880
1955280
2066560
2601120
2303680
2004160
1820080
2052000
1906400
1993760
2110240
1876240
2445120
1536160
1908480
1432160
1630800
1962560
1488320
2108160
1882480
2178880
2216320
1104560
1816960
1842960
1677600
2516880
1930320
2260000
2206960
1899120
1668240
1816960
1759760
1943840
1549680
1969840
1066080
1788880
1883520
2333840
1388480
2206960
1374960
1693200
2750880
1612080
2303680
2133120
2440760
2816600
1796160
1806560
1596480
1258480
1468560
1534080
1212720
1722320
1876240
2007280
1545520
1707760
1983360
2539760
2574080
2092560
2721760
2291200
1630800
2044720
1490400
1981280
1671360
2301600
2361920
1474800
1212720
2123760
1310480
989120
1091040
1960480
2047840
2334880
2136240
2062400
1937600
2015600
1521600
1653680
1761840
1878320
1525760
1469600
1520560
2038480
1730640
1920960
1338560
1648480
2464880
2134160
1673440
2358800
1399920
2148720
2344240
1623520
1256200
2070920
2042640
2368160
2199680
2214240
1755600
1955280
1444640
1560080
1466480
1398880
1480000
1936560
2138320
1834640
2324480
2547040
1553840
1356240
2112320
1536160
1796160
1651600
1405120
1590240
1875200
1621440
1991680
2029120
1449840
2127920
1745200
2378560
2451360
1755600
2054080
2147680
2238160
1849200
2324480
2941200
2120640
2027040
2096720
1851280
1468560
2173680
1155520
2224640
1459200
2115440
2029120
1277200
1912640
1286560
1686960
1438400
2097760
1773280
2029120
1958200
2232120
2193440
1587120
1686960
1611040
2010400
1920960
1460240
2343200
1828400
2065520
2231920
2150800
1789920
1562160
2084240
1916800
1872080
1972960
2324480
1888720
1747080
2604440
2033280
2480480
2272480
1681760
1854400
1490400
1846080
1140960
2048880
1778480
1249120
1904320
2067600
1890800
1822160
2062400
2341120
1423840
1998960
1766000
2271440
1562160
1709840
1807600
1824240
2049920
1650560
1889760
1798240
2278720
2291200
2357560
2595080
1535120
1549680
2994240
2345280
2102960
2903760
2240240
2026000
2121680
1345840
1837760
1171120
1990640
2074880
1985440
1835680
1758720
2275600
2004160
2239200
1534080
2167440
1623520
2100880
2293280
1204400
1867920
2454480
1717120
2577200
2314080
2309920
1794080
1909520
1112880
1530960
745760
1343760
1336480
1873120
1415520
1611040
2352560
1395760
1466480
1134720
1697160
1684040
1778480
1212720
1358320
1514320
1574640
1638080
1405120
1995840
2066560
2115440
1111840
2382720
1593360
2448240
1845040
2532480
1805520
2194480
1748320
1923040
2498160
1910560
2046800
1939680
1933440
2345280
2064480
1901200
2216320
1863760
2182000
1964640
1729600
1891840
2004160
1738960
1949040
2046800
1562160
2157040
1649520
2084240
1359360
1447760
1926160
1711920
1702560
2306800
2303680
1957360
2163280
1592320
1825280
2071760
1121200
2290160
1890800
2035360
1481040
1593360
1927200
1628720
1314640
1358320
1386400
1752480
1866880
2071760
1887680
2405600
2018720
1507040
1693200
769680
1768080
1546560
1522640
1072320
1540320
972480
1440480
954800
1154480
840400
2149760
963120
870560
2394160
1659920
2023920
1725440
1945920
2091520
1968800
1993760
1711920
2064480
1706720
1003680
1521600
1856480
1498720
1276160
2634400
1102480
2178880
1186720
1734800
1931360
2633360
1495600
1792000
1927200
1547600
1678640
1248080
1830480
1257440
1812800
2046800
1515360
1236640
1726480
1359360
1963600
1923040
1331280
1290720
1439440
2262080
1678640
2028080
1824240
2379600
954800
1932400
1615200
1691120
1441520
1748320
1649520
1379120
2074880
1341680
1970880
1421760
1457120
1630800
1467520
908000
1606880
1267840
1480000
1493520
1312560
1751440
1572560
1699440
1698400
1657840
1200240
1555920
1957360
1248080
2194480
1662000
1846080
1631840
2362960
1227280
1917840
1720240
1695280
1946960
1485200
2242320
2338000
2462800
2089440
1806360
2230040
1957360
1797200
1504960
1128480
2235040
1192960
1769120
1993760
1804480
1564240
2274560
1365600
1263680
1827360
1965680
1354160
1591280
1061920
2141440
1813840
2065520
1806560
1471680
1532000
1898080
2697840
1828400
2140400
1740000
2013520
2022880
1861680
2183040
1417600
1980240
1388480
1196080
2019760
1617280
1181520
1490400
2234000
1790960
2548080
1867920
2214240
1882480
1884560
1974000
1124320
1510160
1698400
1239760
1195040
2043680
2069680
2064480
2121680
1767040
2283920
2196560
2608400
2276640
2331760
2079040
1670320
1949040
1841920
2113360
1611040
2518960
1749360
2390000
1733760
2253760
2559520
2028080
1514320
1780560
1660960
1622480
1639120
1701520
866400
827920
1773280
1816960
1613120
1205440
1036960
1495600
1649520
1041120
1570480
1563200
1805520
1403040
1845040
2242320
2058240
2023920
1619360
2358800
1186720
1522640
1777440
1796160
1518480
2278720
1960480
1750400
1616240
1608960
1266800
1095200
1689040
1524720
1934480
1079600
1381200
1365600
1274080
1839840
2348400
1946960
1261600
2166400
1336480
2140400
2059280
1589200
1061920
1668240
1532000
1992720
1264720
1810720
1157600
2006240
1374960
1920960
2148720
1338560
2388960
1840880
1820080
1981280
1475840
1783680
1668240
1599600
1209600
1623520
1826320
1899120
1502880
1315680
1738960
1545520
1284480
1437360
1195040
1389520
1855440
1381200
1292800
1868960
1321920
1716080
1495600
1430080
1769120
879920
1320880
1750400
1313600
746800
1374960
696880
1348960
1396800
905920
1359360
1848160
1248080
1865840
945440
1247040
2019760
1960480
1563200
1902240
1581920
1344800
984960
794640
749920
482640
1334400
1242880
1248080
1208560
2050960
1779520
1702560
1269920
2496080
1178400
1702560
1727520
1916800
1097280
2334880
1480000
1538240
1386400
1974000
1902240
2787280
1950080
2180960
2612560
1614160
1737920
1755600
1790960
1990640
1227280
1690080
1591280
2002080
1805520
2121680
2333840
1532000
1752480
1563200
1965680
1639120
1208560
1295920
1467520
1255360
1564240
1566320
1326080
1522640
1463360
1450880
983920
1547600
1776400
1835680
2153920
1950080
1608960
504480
1707760
1847120
1613120
1733760
1750400
1461280
1350000
1337520
1476880
1785760
1391600
2142480
1686960
1573600
1525760
1924080
1985440
2237120
1926160
1221040
1745200
2156000
3030640
2139360
2290160
1933440
1621440
1005760
2589680
2330720
2719680
1829440
2607360
1931360
1877280
2621920
2088400
2093600
1784720
2048880
1881440
2080080
1379120
1910560
1803440
1862720
1772240
2070720
2220480
1595440
1936560
1353120
1981280
1648480
2027040
1708800
2023920
1780560
1763920
1915760
1736880
2447200
2013520
1887680
2456560
2893360
2526240
2253760
2317200
2035360
2540800
2379600
2269360
3071200
2225680
1858560
2050960
2245440
1821120
2403520
2058240
2376480
2101920
2288080
2012480
2483600
1931360
2168480
1645360
1608960
1248080
1826320
1778480
1508080
1568400
1639120
991200
1756640
2142480
2132080
1885600
1625600
1952160
1294880
1912640
2175760
1683840
2276640
2032240
1737920
1972960
1310480
1796160
1606880
1573600
2194480
1423840
1697360
1348960
1448800
1738960
1847120
1643280
1940720
1879360
1463360
2088400
1406160
2013520
2323440
2346320
1471680
2044720
2066560
2012480
1803440
2564720
1940720
2684320
2654160
1975040
2264160
2066560
1977120
2147680
1831520
2778960
2069680
2400400
2541840
1723360
1967760
2193440
1938640
2102960
2124800
1982320
2393120
2431600
2487760
2435560
1996040
1953200
2206960
2113360
2147680
2188240
1801360
2085280
1933440
1915760
1978160
1841920
1831520
2208000
2018720
2217360
2162240
2152880
2484640
2581360
2413920
2360880
1650560
1741040
1599600
1621440
1789920
2234000
2078000
2306800
2469040
2304720
2366080
2209040
2565760
2465920
2296400
1861680
2284960
2820560
2058240
2889200
2340080
1952160
2283920
1850240
2102960
1948000
1567360
1414480
1303200
1344800
1664080
1968800
1637040
2198640
1069200
2412880
2044720
1622480
2235040
2670800
1818000
2692640
2114400
2097760
2159120
1677600
1989600
1222080
2124800
1836720
1642240
1786800
1793040
1925120
2300560
1353120
1354160
1493520
1768080
1803440
2168480
2264160
1673440
1696320
2171600
1821120
2405600
1773280
2667680
1623520
1606880
1553840
1492480
1950080
2068640
2658320
2375440
0
