322480
2783280
2440880
2485840
2570880
2637440
2247440
2158000
2407600
2418000
2537600
2604160
2464800
2184000
2455440
2544880
2544880
2468960
2135120
2240160
2260960
2542800
2172560
2349360
2211040
2519920
2372240
2510560
2244320
2284880
2177760
2049840
2271360
2325440
2118480
2306720
2550080
2213120
2439840
2352480
2307760
2333760
2281760
2506400
2623920
2480400
2421120
2500160
2355600
2176720
2195440
2290080
2310880
2359760
2144480
2400320
2361840
2387840
2087280
2078960
2172560
2318160
2376400
2274480
2419040
2195440
2459600
2460640
2392000
2371200
2080000
2274480
2217280
2293200
2398240
2355600
2416960
2321280
2455440
2553200
2392000
2576080
2352480
2386800
2379520
1986400
2176720
2464800
2456480
2487680
2568800
2413840
2346240
2355600
2283840
2226640
2250560
2140320
2325440
2321280
2369120
2370160
2291120
2281760
1984320
2201680
2294240
2164240
2176720
2090400
2006160
2248480
2060240
2168400
2128880
2286960
2195440
2426320
2237040
2263040
2385760
2472080
2565680
2419040
2540720
2593760
2347280
2436720
2233920
2358720
2214160
2351440
2291120
2236000
2472080
2118480
2211040
2297360
2064400
2322320
2145520
2256800
2307760
2296320
2467920
2396160
2501200
2523040
2438800
2512640
2307760
2274480
2257840
2229760
2251600
2257840
2078960
2290080
2326480
2222480
2269280
2243280
2490800
2255760
2399280
2260960
2298400
2304640
2569840
2549040
2498080
2372240
2084160
2349360
2241200
2329600
2565680
2384720
2436720
2326480
2202720
2322320
2399280
2376400
2223520
2433600
2185040
2096640
2278640
2525120
2409680
2383680
2394080
2644720
2427360
2594800
2698800
2540720
2669680
2497040
2607280
2348320
2518880
2455440
2638480
2437760
2503280
2331680
2529280
2621840
2487680
2342080
2446080
2255760
2613520
2517840
2595840
2284880
2546960
2423200
2486640
2145520
2270320
2205840
2319200
2508480
2634320
2690480
2465840
2528240
2570880
2631200
2490800
2390960
2396160
2408640
2479360
2567760
2499120
2635360
2499120
2691520
2616640
2607280
2381600
2505360
2408640
2474160
2343120
2679040
2435680
2439840
2465840
2455440
2354560
2293200
2577120
2523040
2517840
2555280
2355600
2580240
2436720
2697760
2429440
2558400
2691520
2552160
2559440
2408640
2459600
2463760
2386800
2405520
2643680
2664480
2361840
2416960
2542800
2648880
2739360
2566720
2602080
2305680
2506400
2567760
2596880
2455440
2517840
2583360
2530320
2460640
2428400
2528240
2541760
2486640
2111200
2450240
2288000
2233920
2308800
2403440
2508480
2507440
2511600
2260960
2401360
2310880
2332720
2526160
2298400
2419040
2411760
2434640
2556320
2373280
2459600
2345200
2233920
2329600
2370160
2194400
2192320
2028000
2291120
2367040
2455440
2476240
2102880
2274480
2022800
1900080
2125760
2045680
2228720
2051920
2405520
2254720
2315040
2381600
2175680
2271360
2099760
2164240
1977040
2126800
2378480
2393040
2499120
2427360
2594800
2375360
2374320
2584400
2381600
2490800
2559440
2551120
2576080
2574000
2546960
2565680
2258880
2239120
2286960
2438800
2514720
2364960
2470000
2402400
2490800
2489760
2371200
2442960
2336880
2274480
2505360
2489760
2478320
2554240
2437760
2499120
2564640
2422160
2577120
2517840
2493920
2377440
2324400
2456480
2414880
2147600
2308800
2274480
2392000
2471040
2536560
2595840
2458560
2628080
2377440
2356640
2410720
2199600
2265120
2212080
2158000
2202720
2282800
2358720
2292160
2197520
2196480
2153840
2333760
2378480
2361840
2277600
2485600
2067520
2095600
2294240
2121600
2440880
2327520
2206880
2464800
2221440
2517840
2276560
2382640
2315040
2230800
2098720
2301520
2415920
2404480
2471040
2362880
2281760
2317120
2548000
2321280
2570880
2652000
2446080
2470000
2420080
2415920
2532400
2286960
2390960
2368080
2653040
2452320
2681120
2325440
2363920
2215200
2259920
2472080
2470000
2447120
2437760
2302560
2465840
2499120
2604160
2567760
2493920
2494960
2383680
2444000
2503280
2381600
2494960
2171520
2336880
2536560
2533440
2435680
2571920
2401360
2590640
2528240
2302560
2301520
2398240
2451280
2479360
2403440
2520960
2444000
2415920
2351440
2346240
2509520
2505360
2457520
2567760
2351440
2329600
2564640
2376400
2425280
2504320
2366000
2437760
2200640
2593760
2540720
2457520
2473120
2582320
2325440
2535520
2526160
2447120
2426320
2265120
2468960
2421120
2448160
2300480
2459600
2363920
2513680
2457520
2284880
2434640
2298400
2354560
2385760
2336880
2640560
2347280
2370160
2337920
2463760
2505360
2330640
2488720
2376400
2461680
2458560
2396160
2360800
2294240
2364960
2702960
2683200
2635360
2564640
2262000
2367040
2084160
2276560
2326480
2399280
2251600
2353520
2426320
2463760
2585440
2543840
2448160
2475200
2452320
2643680
2511600
2667600
2373280
2409680
2622880
2435680
2562560
2574000
2658240
2351440
2494960
2458560
2369120
2532400
2512640
2437760
2451280
2289040
2285920
2159040
2354560
2148640
2306720
2256800
2320240
2455440
2095600
1972880
2146560
2066480
2283840
2192320
2353520
2572960
2188160
2290080
2569840
2398240
2475200
2539680
2515760
2466880
2472080
2579200
2518880
2477280
2472080
2612480
2475200
2632240
2574000
2690480
2787200
2624960
2551120
2567760
2505360
2620800
2425280
2499120
2338960
2597920
2279680
2360800
2344160
2496000
2555280
2439840
2540720
2515760
2494960
2340000
2384720
2439840
2453360
2493920
2524080
2404480
2430480
2173600
2318160
2444000
2576080
2604160
2514720
2501200
2298400
2448160
2414880
2392000
2523040
2416960
2435680
2576080
2485600
2190240
2468960
2470000
2733120
2545920
2494960
2607280
2502240
2530320
2590640
2593760
2267200
2488720
2089360
2446080
2397200
2409680
2336880
2392000
2436720
2561520
2381600
2565680
2324400
2460640
2453360
2388880
2494960
2320240
2526160
2481440
2324400
2555280
2507440
2337920
2271360
2179840
2176720
2292160
2320240
2239120
2346240
2098720
2208960
2256800
2296320
2178800
2370160
2456480
2382640
2184000
2194400
2154880
2494960
2606240
2476240
2466880
2322320
2522000
2248480
2439840
2478320
2429440
2289040
2461680
2702960
2508480
2303600
2467920
2367040
2460640
2411760
2501200
2492880
2531360
2587520
2492880
2530320
2358720
2673840
2446080
2450240
2584400
2448160
2447120
2551120
2371200
2499120
2496000
2543840
2419040
2424240
2541760
2328560
2427360
2415920
2445040
2529280
2331680
2563600
2477280
2511600
2438800
2318160
2418000
2234960
2220400
2401360
2278640
2389920
2246400
2282800
2194400
2086240
2267200
2250560
2274480
2378480
2324400
2494960
2393040
2364960
2347280
2347280
2560480
2333760
2388880
2354560
2414880
2386800
2144480
2205840
2108080
2267200
2421120
2248480
2444000
2291120
2301520
2220400
2378480
2264080
2302560
2326480
2426320
2234960
2075840
2127840
1980160
2246400
2308800
2240160
2361840
2510560
2258880
2351440
2307760
2200640
2268240
2359760
2093520
2367040
2455440
2388880
2453360
2456480
2468960
2281760
2035280
2169440
2325440
2103920
2137200
2331680
2525120
2428400
2429440
2523040
2228720
2432560
2225600
2281760
2237040
2146560
1989520
1864720
2132000
2298400
2336880
2360800
2118480
2284880
2370160
2404480
2341040
2455440
2292160
2525120
2504320
2411760
2492880
2312960
2567760
2544880
2458560
2468960
2404480
2425280
2496000
2429440
2307760
2444000
2325440
2581280
2499120
2445040
2282800
2254720
2574000
2333760
2312960
2477280
2317120
2481440
2180880
2395120
2301520
2389920
2437760
2347280
2434640
2411760
2458560
2242240
2428400
2382640
2361840
2437760
2250560
2447120
2550080
2290080
2212080
2286960
2518880
2214160
2410720
2357680
2394080
2428400
2388880
2508480
2442960
2364960
2274480
2174640
2259920
2319200
2353520
2486640
2293200
2236000
2166320
2102880
2192320
2198560
2274480
2493920
2137200
2415920
2436720
2570880
2467920
2426320
2565680
2272400
2280720
2264080
2077920
2341040
2330640
2560480
2151760
2224560
2091440
2284880
2178800
2303600
2349360
2129920
2233920
2152800
2164240
2364960
2223520
2258880
2359760
2360800
2397200
2384720
2124720
2191280
2410720
2147600
2147600
2354560
2226640
2379520
2065440
2025920
2172560
1903200
2146560
2285920
2186080
2399280
2255760
2327520
2462720
2380560
2400320
2002000
2271360
2139280
2051920
2007200
2149680
2156960
2205840
2408640
2268240
2214160
2299440
2142400
2177760
2216240
1875120
2025920
1987440
2267200
2282800
2059200
2246400
2325440
2214160
2268240
2503280
2518880
2428400
2227680
2270320
2297360
2077920
2181920
1953120
2200640
2163200
2310880
2327520
2413840
2584400
2331680
2178800
2158000
2221440
2392000
2413840
2175680
2172560
2135120
2220400
2064400
2037360
2256800
2111200
2175680
2265120
2238080
2401360
2303600
2323360
2454400
2120560
2080000
2085200
2081040
2119520
2089360
2200640
2282800
2400320
2402400
2356640
2241200
2360800
2017600
2181920
2112240
2108080
2292160
2408640
2386800
2419040
2192320
2154880
2126800
2401360
2378480
2325440
2108080
2232880
2193360
2306720
2371200
2193360
2109120
2064400
2070640
2155920
2172560
2166320
2270320
2275520
2302560
2256800
2128880
2106000
2241200
2248480
2370160
2042560
2166320
2264080
2097680
2139280
2336880
2348320
2257840
2314000
2292160
2367040
2381600
2233920
2327520
2234960
2501200
2230800
2248480
2143440
2060240
2117440
1938560
2106000
1982240
2011360
2126800
2076880
2115360
2108080
2152800
1872000
2083120
2115360
2432560
2310880
2169440
2218320
2500160
2240160
2371200
2546960
2349360
2284880
2293200
2415920
2203760
2118480
2285920
2084160
2247440
2155920
2233920
2329600
2066480
2300480
2229760
2269280
2390960
2403440
2387840
2134080
2188160
1989520
1982240
1939600
2246400
2461680
2242240
2204800
2096640
2219360
2336880
2247440
2255760
2211040
1774240
2026960
1795040
2100800
2247440
2533440
2264080
2284880
2119520
2383680
2182960
2181920
2269280
2284880
2345200
2194400
2117440
2176720
2269280
2383680
2170480
2221440
2072720
2005120
2198560
1882400
2241200
2328560
2430480
2278640
2325440
2014480
2282800
2206880
2189200
2218320
2205840
2401360
2213120
2258880
2181920
2086240
2167360
2199600
2243280
2067520
2195440
2319200
2387840
2300480
2177760
2126800
2174640
2392000
2225600
2370160
2186080
2156960
2474160
2238080
2277600
2137200
2250560
2166320
2054000
2156960
1912560
1972880
1973920
1911520
1993680
1972880
2331680
2099760
2133040
2228720
2277600
2239120
1952080
2115360
2201680
2164240
1994720
2139280
2366000
2278640
2225600
2156960
2388880
2094560
2112240
2173600
2158000
2226640
1922960
2298400
2251600
2381600
2254720
2285920
2255760
2288000
2284880
2096640
2249520
2349360
2445040
2311920
2311920
2270320
2340000
2527200
2306720
2404480
2259920
2404480
2505360
2481440
2234960
2512640
2639520
2433600
2504320
2492880
2539680
2041520
2218320
2231840
2305680
2536560
2325440
2418000
2273440
2276560
2343120
2169440
2392000
2332720
2361840
2207920
2201680
2356640
2147600
2333760
2512640
2389920
2544880
2450240
2455440
1985360
2166320
2264080
2474160
2412800
2369120
2478320
2345200
2389920
2204800
2444000
2370160
2407600
2335840
2315040
2232880
2382640
2512640
2378480
2437760
2352480
2509520
2640560
2373280
2531360
2217280
2409680
2376400
2565680
2379520
2476240
2660320
2658240
2456480
2419040
2330640
2515760
2403440
2556320
2519920
2468960
2530320
2277600
2384720
2369120
2205840
2392000
2301520
2403440
2305680
2507440
2286960
2263040
2372240
2035280
2244320
2399280
2330640
2478320
2393040
2244320
2086240
2435680
2256800
2452320
2444000
2288000
2421120
2357680
2398240
2299440
2315040
2327520
2190240
2229760
2234960
2121600
2337920
2248480
2202720
2299440
2318160
2476240
2446080
2330640
2248480
2075840
2211040
2378480
2336880
2281760
2192320
2041520
2182960
2222480
2305680
2432560
2476240
2477280
2283840
2478320
2430480
2222480
2348320
2109120
2310880
2358720
2410720
2457520
2572960
2383680
2465840
2551120
2405520
2524080
2506400
2567760
2479360
2503280
2492880
2510560
2488720
2549040
2667600
2639520
2682160
2491840
2645760
2455440
2408640
2505360
2435680
2490800
2531360
2330640
2447120
2411760
2501200
2454400
2392000
2538640
2425280
2558400
2441920
2484560
2609360
2468960
2345200
2626000
2577120
2548000
2707120
2652000
2395120
2463760
2236000
2432560
2465840
2563600
2544880
2618720
2296320
2450240
2513680
2546960
2595840
2321280
2655120
2454400
2692560
2661360
2397200
2400320
2133040
2380560
2418000
2322320
2661360
2604160
2656160
2439840
2577120
2480400
2346240
2471040
2352480
2318160
2375360
2409680
2532400
2682160
2570880
2410720
2589600
2691520
2644720
2475200
2520960
2480400
2662400
2411760
2367040
2430480
2267200
2179840
2152800
2211040
2426320
2109120
2307760
2291120
2343120
2295280
2507440
2366000
2414880
2503280
2614560
2414880
2369120
2412800
2271360
2382640
2304640
2473120
2383680
2500160
2342080
2189200
2515760
2690480
2632240
2621840
2724800
2558400
2660320
2437760
2600000
2513680
2686320
2582320
2485600
2566720
2496000
2693600
2680080
2453360
2638480
2458560
2678000
2502240
2531360
2478320
2451280
2609360
2526160
2568800
2322320
2473120
2482480
2564640
2540720
2386800
2504320
2473120
2460640
2479360
2228720
2380560
2499120
2242240
2578160
2587520
2725840
2449200
2483520
2561520
2400320
2628080
2591680
2674880
2685280
2520960
2662400
2354560
2493920
2411760
2327520
2359760
2436720
2577120
2351440
2477280
2319200
2565680
2103920
2536560
2342080
2375360
2353520
2506400
2560480
2559440
2437760
2459600
2430480
2462720
2568800
2534480
2593760
2375360
2684240
2629120
2644720
2580240
2498080
2504320
2553200
2673840
2389920
2560480
2593760
2382640
2352480
2492880
2338960
2543840
2505360
2722720
2606240
2728960
2657200
2647840
2449200
2412800
2510560
2470000
2482480
2596880
2551120
2663440
2318160
2484560
2516800
2579200
2618720
2435680
2538640
2362880
2238080
2357680
2426320
2481440
2576080
2399280
2408640
2356640
2289040
2231840
2333760
2186080
2197520
2127840
1974960
1927120
2104960
2078960
1899040
2241200
2283840
2318160
2315040
2414880
2225600
2355600
2316080
2199600
2382640
2505360
2269280
2244320
2436720
2205840
2249520
2237040
2243280
2111200
2196480
2188160
2144480
1919840
2239120
2292160
2458560
2335840
2404480
2404480
2304640
2301520
2199600
1985360
1979120
2114320
2118480
2380560
2294240
2551120
2299440
2197520
2285920
2223520
2288000
2240160
2445040
2439840
2367040
2397200
2366000
2397200
2149680
2191280
2244320
2063360
2106000
2084160
2112240
2216240
2260960
2081040
2158000
2301520
2186080
2191280
2282800
2448160
2259920
2245360
2187120
2208960
2353520
2259920
2296320
2236000
2154880
2255760
2236000
2305680
2307760
2467920
2526160
2064400
2062320
2347280
2220400
2319200
2316080
2264080
2234960
2448160
2206880
2460640
2281760
2224560
2325440
2225600
2311920
2231840
2220400
2302560
2308800
2191280
2353520
2205840
2237040
2431520
2295280
2442960
2200640
2479360
2200640
2254720
2268240
0
