906480
3683760
2784880
3132280
2768720
2596080
2150960
2788480
2900800
2206080
1956480
3014280
2273680
2449440
1548800
1817120
2173840
2693840
2408280
2160920
2162400
1979360
2620000
2121840
1573760
2007440
2825920
2206080
3001680
2054680
2637240
2416160
2803040
2620880
3634160
2987560
3288280
3223200
2296560
2407240
2235800
2269520
2193600
1793200
2317360
3110280
2364760
2686560
2902280
3267480
2337560
3632520
2944480
2516000
2263280
2316320
2175920
2434880
2863360
2265360
2986080
2549720
2544680
2535760
2995880
2605000
3056800
3271040
2622080
3026640
3219040
2673040
2829040
3358400
2456720
3586160
2939280
2706320
3247120
2509760
2702160
2431760
2573200
2252880
2157200
2854000
1785920
3076560
2727120
3099440
1973120
2919520
3262720
3148320
2617920
2543040
2452560
2079200
1707920
2236240
2017840
2833200
1893040
2284080
2147840
2635600
2966320
2360000
2270560
1954400
3551240
2873760
3255440
2906600
2331920
2342320
1152560
1940880
2362080
2288240
2991280
2684480
2305920
3100480
1572120
2111000
1933600
2152000
1890960
2350640
2803040
2431760
2804080
2870040
3500440
3381120
2693400
3061560
2845680
3518840
3352920
3221120
3512320
2745840
2510800
3085320
3162440
3152480
2874200
3195720
3291640
2059040
1984120
2331320
3012680
1901360
3065120
2516000
1930480
1951280
2001200
2233560
2662200
2662640
2654320
2762480
2735880
2747480
2196720
2580480
2154080
2122880
1639280
2366240
2206080
2385400
2884760
1971920
2496400
1996000
2552840
3199720
3175520
2777040
2396400
2815960
2774520
2421360
1703760
2909120
2583600
2699040
2187360
2369360
2283040
2192560
1902240
2252000
1826480
2310080
2376640
1905520
1764080
2591920
2507680
2691760
1854560
2791600
2776000
2487920
2751040
1918000
2002240
1801520
1848320
2352720
2364160
2105200
3237760
2224800
2029280
2948440
2791800
3188280
3399560
2946560
2950720
2287200
2800960
2674080
1656960
2924720
3046400
2579880
2134920
2418240
2010560
1793640
1833320
3154400
2878080
2676160
2570080
2380800
2417200
2263280
2304880
2153480
2647640
1856640
2157200
2509760
1977280
2476920
2996040
1961680
2075040
2528480
2573200
2383920
2648080
2410960
2351680
2741680
2293440
2618960
2521200
2360000
2887280
2226880
2466080
2816560
2440080
3149360
3291840
2845680
1994960
2129120
2784320
2649560
2593560
2786400
2258080
2098960
3359440
2547200
1940280
2525960
1754720
2509760
2192560
2046960
1640320
2469200
2315280
2893520
2732760
3096920
3030800
2259120
2571120
2040720
2599200
2373520
3274160
2766640
3124400
2720280
2420920
2760400
2638720
2685520
2092720
3249200
2804080
3364480
2956080
2316320
2979840
3792800
2776320
3121280
2847760
2467120
2995440
2494600
2493720
2992320
2960080
2962160
3148320
2611680
2831120
3034360
3047440
3257080
2434880
2600680
2880600
2560720
2746880
2696960
2967360
1957520
1681320
2998120
1936720
2915360
2833640
2666360
3188880
2690720
2310080
2759360
2518080
3518560
2555520
2999600
2573200
2641840
1908640
1731840
2327760
1677760
2646000
2045920
2172800
2731720
2485400
2387040
2793680
3199280
2202960
3119000
2888520
2457760
3077600
2844640
2861280
3329720
2654920
2823840
2913280
3254840
3166600
2181120
2283040
2423440
1674640
2061520
1999120
2566960
1952320
2108320
2460880
2289280
2455680
2470240
2100000
2063600
1856640
2147840
1952320
2068200
2930520
2445280
2417200
2240400
2370400
2663680
2763520
2582560
2606480
2232080
2093760
2317360
2666800
2064640
1861840
1401120
1612240
1507200
2259120
1654880
2469200
2623560
2457320
1881600
2951360
2065040
1901360
2223160
2178600
2005360
1780720
2265360
2117680
2134320
2579440
1587720
2013240
1642400
1509280
2453600
2349600
2821760
2376240
3096720
2555960
3057400
2354800
3453040
2381840
2588800
2878960
1554000
2492080
1963760
2480640
2681360
2826960
2937200
3000640
2985040
2671400
3167640
3067200
2666800
3150400
2860240
2340240
2606480
2590720
3352320
2980280
3276840
3456600
2211880
2373520
2368320
3379200
2406200
2514520
2135360
3195120
2317360
2528480
3218000
1442720
2358960
2630400
2277840
2441120
2716720
3428080
3183080
3556600
2082320
2536200
3141640
2418240
3277280
2735880
2642440
2592960
2756240
2913280
3363600
2671400
3083400
2979440
2526800
2503520
2502480
2533680
3088000
2692800
2719840
1955440
2060480
2637680
2011600
3024560
2144720
2758320
2583600
3015200
3185160
3145800
3432240
3367160
3234200
3362360
3291880
2892640
2873760
2398480
2961120
2498320
2846720
2342320
2781840
2809680
2484800
2716720
2037600
2511840
2131200
2148880
3052640
2205040
2851920
2414080
2999600
2282000
2428640
2422400
2644960
2122880
1828560
2129120
1746400
2440080
2266400
2772880
3491520
2715680
2793680
2841520
1665280
2350640
2960080
2595040
3049520
3393760
2113520
2469200
3209520
3136440
3288280
2636640
2421800
2719400
2913280
2797840
3506080
2126000
2787280
2688800
2769760
2360440
2860840
2578840
2684040
1467680
3241320
2314840
3218440
2790120
3055760
3295240
3389320
3420800
2153040
2605440
2939280
2742720
2544080
3401040
2667680
2957120
2812400
3047440
2244560
3305360
2568000
3369240
2729800
3024560
2823680
3216080
2789360
2505760
2540960
2640800
2955920
2588800
3317240
2949240
3048480
2458800
2599200
2707360
2819680
2478560
2450480
3175360
2266400
2286160
1135920
1976240
3008960
2155120
2433840
3453920
2892640
3192000
2624160
2354200
2703800
2427000
3441160
2906640
3345720
3408920
2829040
2433840
2735440
2501440
2877920
3032880
1446880
2504560
1784880
2660560
2605440
2802000
2068200
2697560
2392240
3013120
2559680
2964240
3029760
2609600
2117680
2939280
2775400
2952360
2002240
1585200
2265360
2624160
3075520
2310080
3181600
2676160
1874320
2648080
2393280
2282000
2429680
2671400
2511400
1934640
2758320
1914880
1796320
2298640
2300720
2360000
2290320
1856640
1783840
1428160
1815040
1626200
1985160
2023040
2285120
2067760
1762000
1482240
2279920
2664720
2010560
1343920
2776000
2345440
2433840
2363120
1477040
2356480
2188800
2253920
2105200
2574240
2079200
1892000
2488960
2077120
2004320
2617320
3354840
2674080
2122880
2517040
2413040
2347520
1888880
2440080
2715680
2981920
2238320
1867040
2226280
2918040
2092720
2361040
1936720
2233120
2347520
3035400
2079800
2564880
2630400
3467600
2056320
2059440
2824280
3161400
3294960
3162880
2808680
3092160
3773200
3167800
3233600
3110880
2878800
3617520
2960080
2780160
2490000
2467120
2844640
3084880
2744800
3306840
3426600
3266880
3649440
2655520
2487920
3133760
2453600
2396400
2289280
2519120
1941920
2639760
1944000
2572600
2714200
2807840
3361920
2799760
3042400
2781200
2910160
2005360
2517040
2452560
2571120
2217520
2527440
2867520
2433840
2349600
2802000
2604400
3411440
2705280
3363600
2314240
3746000
2963520
3147280
3801120
3754480
3440000
3289000
3440280
2814480
3159760
3130040
2717320
2741680
2388080
1739120
3057840
2857120
2368320
3294960
3153520
3029760
2705280
2861280
3025000
2476040
2491040
2928880
2693840
2685520
2744800
2878800
2882240
1829600
2635600
1926320
2554480
1854560
2179040
2242480
1588320
2140560
2019920
2400560
2340240
2656400
2597120
2386000
3020400
3106720
2731280
3247400
3533880
3709880
3462440
2464000
2900800
2465040
2657440
2769760
2994400
2739600
3211760
2240400
2835280
2143680
2493120
2388080
2362080
1987680
2004320
2210240
2126000
2573640
2423000
2232080
1983520
2244560
3091120
1923200
2513920
2346480
2929920
3142520
2472920
1946080
2300720
2488960
1959600
2448840
1884280
2535760
2084400
2029280
2192560
1818160
2264320
2063600
1525920
1782800
1753680
1909680
2703200
1362640
2215440
1781760
2070280
1593080
2685520
1920080
2181120
2141600
2533680
2001200
2182160
2347520
2114560
2017840
1719360
1929440
2637680
1876400
2102080
2657440
2762480
2591920
2560720
1630960
2575280
1867040
2654320
2295520
2227920
2364160
1866000
1708960
1710000
2201920
2380200
2771400
3012080
2132240
2180080
2536800
2616880
2522240
3069720
2368920
3495680
2367280
2787440
2605440
2773920
2891880
3535800
3065560
3702480
2779880
3387520
2855480
2603960
2550760
2414680
2273680
2851920
1335600
2868560
2751040
3088440
2952360
2116640
2312160
3125440
3566840
3107320
3276240
2311120
2955920
2678240
2525360
1898240
2331920
2464000
2319440
2852960
2598160
3116080
3207600
1954400
2828000
2231040
2771080
2905720
2371440
2510800
2627720
0
26000
87080
0
0
0
15160
0
0
0
0
0
0
0
0
0
0
0
0
0
0
0
0
0
0
0
0
0
0
0
0
0
0
0
0
0
0
0
0
0
0
0
0
0
0
0
0
0
0
0
0
0
0
0
0
0
0
0
0
0
0
0
0
0
0
0
0
0
0
0
0
0
0
0
0
0
0
0
0
0
0
0
0
0
0
0
0
0
0
0
0
0
0
0
0
0
0
0
0
0
0
0
0
0
0
0
0
0
0
0
0
0
0
0
0
0
0
0
0
0
0
0
0
0
0
0
0
0
0
0
0
0
0
0
0
0
0
0
0
0
0
0
0
0
0
0
0
0
0
0
0
0
0
0
0
0
0
0
0
0
0
0
0
0
0
0
0
0
0
0
4160
0
0
0
0
0
0
0
0
7280
0
0
0
0
0
0
0
12480
0
0
11440
0
0
8320
0
0
0
0
0
0
13080
0
0
0
0
0
0
0
0
7680
0
0
0
0
0
6240
0
0
0
0
0
0
0
0
0
0
0
0
0
0
2680
0
0
0
0
0
0
0
0
0
0
0
0
5200
115040
5200
0
0
0
0
0
0
0
0
0
0
0
0
0
0
0
0
0
0
0
0
0
0
3120
0
0
0
0
0
0
0
0
0
0
0
0
0
0
0
0
0
0
0
0
0
0
0
13080
0
0
0
0
0
0
0
0
0
0
0
10400
0
5200
0
0
4160
0
0
12490
0
0
0
0
7280
0
0
0
0
0
0
0
0
0
0
0
0
0
8320
0
0
0
0
65240
0
0
0
0
0
0
0
3720
0
0
0
0
0
0
0
0
0
0
0
0
0
0
0
0
0
0
0
0
7680
0
0
0
0
0
0
0
0
0
0
0
0
0
0
25160
0
0
10400
0
0
0
0
0
0
8320
0
0
0
0
0
5200
0
0
10400
0
0
0
0
6240
0
0
7680
0
0
0
0
8320
0
0
157360
0
0
0
0
0
0
0
0
0
0
0
0
46360
0
0
0
0
0
0
0
0
0
0
0
7280
0
0
0
0
0
0
0
0
0
0
7280
0
0
7280
0
0
24960
0
0
0
0
0
0
0
7280
0
0
0
0
0
0
0
0
4160
0
0
0
0
0
0
1040
0
0
0
0
0
0
0
0
0
0
0
0
0
0
0
0
0
110560
0
0
0
0
0
0
0
0
0
0
0
0
15160
26160
0
0
0
0
0
0
0
0
0
0
0
8920
0
0
0
0
0
0
0
0
12480
0
0
0
0
0
0
14120
0
0
0
0
15160
6240
0
0
0
8720
0
0
0
5200
0
0
0
0
0
0
0
0
0
0
0
10400
0
0
0
0
0
0
0
0
0
0
0
0
10400
0
0
0
0
0
4160
23480
0
0
0
0
0
0
0
0
0
0
0
0
5200
51520
0
0
0
0
9360
0
0
0
0
0
0
4560
0
0
0
0
0
0
0
0
0
0
0
0
0
0
0
0
12480
0
5200
0
0
0
0
0
8320
0
6240
0
0
0
0
0
0
0
0
0
0
0
0
0
0
0
0
0
4760
0
0
0
0
11440
0
0
0
22880
114280
0
0
0
7280
0
0
0
0
0
0
26600
0
0
0
0
7280
0
0
0
0
0
0
0
0
0
0
0
0
0
0
0
0
0
0
0
0
0
0
0
0
0
0
0
11440
0
0
0
4160
0
0
0
0
4160
8920
0
0
0
0
0
0
7280
0
0
0
0
0
0
0
0
0
0
0
0
0
0
0
0
0
0
0
0
104480
0
0
0
0
0
0
0
0
0
0
11440
0
0
27640
0
0
0
0
0
0
0
6840
0
0
0
0
0
0
0
0
0
0
0
0
0
0
0
0
10560
0
