165200
150400
158600
163800
167400
162600
169200
162600
165200
171800
163800
162800
166600
175000
159600
165600
169800
162400
165400
162000
168000
169000
165800
162000
170000
165800
168800
154600
171800
161200
169800
169800
161000
163800
168000
168000
167200
161000
164200
168400
166200
166200
163600
168000
162800
169200
158800
167000
168200
160600
165400
168600
158000
169600
169200
165400
159800
163200
170000
162000
167800
163600
158200
173000
159000
167800
162200
169000
156600
171000
166200
160600
168000
156400
171200
159800
161800
168800
160200
168600
171200
159400
167000
156200
171800
166400
158200
164200
167400
164400
164200
162800
162200
170400
159800
165200
162600
169600
159000
168000
158800
169400
162200
161400
169400
164200
167600
158000
164400
165800
162800
162000
165200
164600
164600
167400
166400
161200
168600
163000
168400
164200
159800
173600
160600
171000
163200
161400
166600
158800
168400
159200
167800
164800
158600
170600
155400
171000
165600
159400
165800
153800
167800
165800
159000
170600
158200
168800
164200
163400
164400
162000
164400
165800
153200
170600
163800
164600
164000
154200
171600
166200
161200
167000
158400
168600
165600
166600
163200
167600
164000
166400
165800
158000
168600
161600
168000
165800
163400
166200
155000
170400
158800
170800
167000
155600
166000
163800
167400
167600
154400
169800
167400
164800
165200
160200
169400
167600
162200
168200
157800
168600
159600
169400
162600
165000
158400
169400
165000
163800
165600
172000
159600
170600
167600
163400
157600
172600
160400
164200
159800
170400
163800
167800
166200
161600
158600
171200
162200
164200
170600
159200
168600
160800
166800
166600
167800
166800
165000
162800
167200
159600
162600
162200
171000
160800
169400
159200
172000
162200
167600
156000
172200
159800
170200
168200
159200
170000
157800
169800
168000
164200
167800
166000
159000
161600
168200
163600
161000
168000
159600
167200
163600
166600
164400
166400
170600
161600
168400
165800
167400
160600
157400
171000
162600
167800
158000
169200
165200
167800
159800
168200
166400
159200
165600
161400
170800
155800
170000
166200
164400
169800
159800
169400
159200
169200
158200
171200
163000
164000
165800
158200
167200
165400
166200
162800
165000
160000
162200
168200
156400
170800
158200
165800
166800
165400
162600
158000
169800
157000
170200
166000
163800
161400
163800
164400
160000
162200
157800
169600
170200
156200
169400
157400
171200
166200
161600
166200
161800
167200
162400
166600
161200
166600
168200
158200
169600
160000
162600
168200
161400
168000
167800
158000
169400
166400
158200
173000
161800
170400
156600
169800
165400
159200
169600
163600
165600
163800
167400
167200
164800
157600
170200
165600
159800
167400
157600
165800
167200
161200
166200
166400
164800
160800
164600
168600
165600
168000
162600
164200
166000
163200
167400
166400
158800
168800
164800
158000
169400
164600
163400
164400
163400
166600
167400
161800
168000
161000
167800
161400
165800
168000
163400
160600
169200
162600
161000
164000
162600
168800
158400
165800
162400
168200
159600
162000
169400
160800
164000
169400
168400
166400
166200
158400
171000
167200
162600
164400
160600
167600
168000
159200
173600
162200
163400
159400
167600
160200
167200
165000
165600
163600
163400
167800
164200
162600
169000
162000
166000
164600
161000
166200
162400
161200
167000
167600
163200
163800
160400
168800
164000
162600
169400
163200
162800
165800
166200
164800
162600
163600
169000
158200
170000
156000
169800
165600
166600
161800
168000
156800
170800
162800
169000
166400
156600
168800
157800
167400
166400
164600
159800
169200
158200
165800
168600
164600
164800
160000
165400
167800
161200
167200
162000
170400
159400
168000
165400
170400
160200
156600
170800
157400
169000
167800
160000
166800
156400
171400
159600
170800
159400
161200
166400
158600
167000
163600
157600
169600
164400
166000
162000
160400
164800
172600
155400
172000
157000
167800
159600
168000
163800
169600
163000
166200
162800
165600
166400
167000
165200
164400
163800
162800
162200
167000
171200
160000
160800
171600
162400
161000
167800
167400
157600
170200
160200
170200
163200
157600
166200
155800
170000
166400
159400
171800
157800
171400
163000
164200
165200
164400
167600
163400
161800
168200
162000
165800
167600
158400
169600
162400
166000
165400
160600
170400
163200
165800
166000
166200
158200
172200
163000
167200
166200
164000
165200
165400
168600
164000
160000
170200
163200
164400
161600
163000
171000
158400
167200
167200
162400
164000
168200
162800
167600
164400
159200
165000
157200
169000
168200
156600
171600
164800
168000
160600
167200
169600
159200
165400
156200
169400
161600
166800
161600
168000
170000
157400
165600
165800
166400
156600
168200
163800
165200
158400
170800
162200
160800
163200
164800
163800
162400
166800
166800
160200
170600
161400
158800
168400
159400
169200
163000
155400
170800
160600
165000
169600
162400
160000
169400
167800
159200
166800
162200
165600
169000
159600
164400
161600
168000
157000
170800
167000
157600
171800
163800
163200
166200
161800
163600
159400
164200
171800
158400
168000
162000
166400
157600
169400
164600
162400
167400
165600
165800
158000
168600
159200
162800
168800
167200
165600
162600
162200
173600
163200
163600
163600
165400
166800
162600
166600
164800
160400
167200
160400
162600
166800
160600
174000
154800
170400
162000
166400
163000
165200
164200
165000
166400
162000
158400
168000
166000
165000
164400
161000
171400
159200
167200
163000
163400
165000
166400
159200
165400
165800
166200
159400
170800
167400
166200
166800
160400
170600
157600
168600
166200
165200
164800
159800
169000
167600
158200
169200
160000
169400
158400
168000
159200
170600
160200
171000
161400
158400
169800
161200
168800
163000
160400
164600
163800
158400
164400
166600
158000
164600
164600
165000
164600
165800
159800
166200
160400
161000
171400
162600
163000
165200
157000
171800
162400
168000
159600
164400
166000
160000
167200
154800
163200
166600
153800
169400
161000
169000
162000
160800
168600
165200
160400
169800
170600
157400
169200
163400
159200
160800
166400
170400
161400
162800
166800
163000
164000
165000
161800
169800
167000
163800
163200
159800
164200
160600
169400
168200
165000
164000
160200
169800
156600
166800
167400
162000
167000
163800
166800
167800
158600
168400
159000
172000
164400
164200
165000
168000
161600
166600
158000
169200
163600
162400
167600
165600
163600
162400
166200
166200
163400
167600
164400
162200
167400
166400
162200
167000
163600
166200
163000
162200
162000
163400
158800
169200
168800
162400
166400
162000
166600
156800
170200
163200
164600
172800
159400
165200
157600
165400
165400
159800
168800
156400
167200
156000
169800
158800
167000
170800
163000
170200
160600
158800
168200
167200
161600
167200
171800
159000
166800
164600
159800
167800
162200
156000
169800
156800
169800
158800
170000
163200
160600
167200
167000
159200
168000
158600
168400
162400
165400
172600
161000
163400
161600
165400
163600
165200
170600
154000
166400
165600
161200
169200
159400
165600
163000
161400
167400
161800
158000
165600
161200
168800
165200
162200
170400
156800
161800
169600
156400
168000
166200
160000
164400
158600
168400
161800
169200
169400
157200
166200
168600
159400
168000
164200
166200
167400
155200
170000
153000
172000
163000
163400
163400
165000
165400
168400
160600
165600
169000
156000
166800
158200
168600
166400
164400
164800
158800
170200
162800
156000
169600
162000
169200
161800
161400
168200
161000
168400
166400
159600
161000
168800
167000
162400
164400
153400
168200
164600
163800
169400
160800
164000
167800
161800
164800
160600
161800
166800
162400
165400
167800
168200
159600
164600
158600
169400
164600
158400
167400
159800
163400
169600
166400
153400
171000
162000
165600
164800
150200
171800
167200
158400
172200
159800
166000
156000
170600
159000
166000
162200
154800
166600
167000
159400
163000
169200
156000
171800
165800
158400
166000
166000
161800
168800
162400
163400
166400
159600
168400
164000
159000
168000
159200
165400
166400
161600
168200
156000
167600
165400
159600
169600
159000
170600
158000
169400
160400
169800
160200
165200
153600
168800
160800
160200
164000
164400
159600
165200
164000
155200
167600
161400
167400
162400
157400
165400
168000
158800
168200
164600
161800
169200
160400
170000
152800
168600
166000
170000
158200
160000
169200
166000
159800
167200
156400
170600
166200
157200
169000
161600
167600
161800
164800
166000
171600
161200
165800
162200
165400
167600
157600
167400
161000
169800
160200
163000
169600
156000
170600
160000
168600
161000
169200
166200
165200
160600
163200
169600
159800
168800
166400
160400
167400
155800
167000
159200
169400
167400
156000
169400
159400
168200
167400
156800
172600
159600
168800
161000
165200
160600
166600
169200
161400
169800
156200
167400
158000
169800
160800
164800
166400
159000
170800
155000
170800
162400
166600
167200
160800
168600
158000
167800
159400
169400
161600
165800
166000
157400
172000
161800
168200
157600
171400
160600
163000
168200
159400
170800
160400
169600
159400
172600
162200
163400
164800
158000
172200
157000
172800
154200
168800
165200
166000
162600
167800
162800
160000
169000
171000
162200
165000
159000
168000
160600
167000
170800
158400
167000
166000
161400
162200
159200
169200
157000
163600
168600
162800
163800
166000
161200
157600
172800
159000
167200
154200
170800
159400
167600
162400
161600
169400
159600
172200
159200
169000
162200
166600
173800
159200
167600
156600
169800
167600
163200
167400
168600
163200
164400
163000
167000
157000
169800
163600
162800
169400
161600
168400
163800
163000
168800
159200
164200
164200
162000
161600
165200
168800
159800
163600
163400
163000
165000
159800
167200
164000
171000
161600
166000
168000
157800
169200
156000
170400
166600
159400
168200
168400
161200
165600
161200
169800
160400
167200
165400
161200
168400
158800
158200
169400
160200
164400
166600
158400
171200
162200
164600
164200
158400
170400
158600
167600
169400
161000
161800
156000
169400
166000
159000
168800
165200
161400
169400
164200
166600
157600
170800
162600
171000
158400
172200
163000
166200
161000
169400
163400
165400
168200
161000
171600
158800
167200
159000
167000
165400
161800
169200
167800
157600
168600
159400
169800
164800
158600
170400
158200
166000
165000
163200
169400
167400
156800
167600
161200
164600
170200
163400
158200
169600
166200
162800
162600
164600
164000
167000
159200
168800
160600
164400
171400
160200
171600
160400
169200
162000
159800
169400
164400
166600
167000
164800
161600
160400
171000
157400
169000
162400
163800
166800
163200
166800
162000
168000
162600
169400
168400
164400
165200
167200
166000
165200
163000
163400
167600
160800
161600
167200
161800
165600
159800
168400
165000
157400
169800
152400
170800
162000
158600
162600
167000
162400
167800
163200
167800
163000
156200
169600
160200
170600
158400
168200
167200
165200
161200
166800
169600
162600
164000
164000
166800
162600
170600
162800
167800
164400
164400
167400
160600
168200
169000
162200
166000
163400
166000
157600
169400
165800
164400
160200
157200
174600
162000
168800
160400
163800
167800
160000
168000
160000
164200
164800
163200
165600
171000
159800
167800
158600
170600
157800
169400
161800
163000
170200
160200
169400
163600
162800
165000
161800
167200
166000
163000
158400
168400
171200
161800
166800
159200
172800
162800
165400
156800
167600
160400
170400
160600
166600
166800
162800
166600
166800
163200
166000
169400
162400
164800
157000
166000
165600
165800
170000
160000
170200
160200
164000
164800
162600
166600
171400
161800
166400
165000
165400
163600
167600
164800
166000
166600
160400
169800
156200
169800
162600
163200
170000
162000
168000
165200
164200
170800
157600
169800
159000
161600
168800
160400
163800
167800
165200
162200
166200
161600
155800
169200
164000
166600
161200
166400
159400
164600
171200
161600
170600
152000
165800
159000
171400
163400
166600
165600
165000
158600
170600
157800
159800
166200
161400
168000
162200
158200
170000
162800
164800
168600
161400
162400
160600
166800
158400
169200
156400
159200
167600
159800
167200
154400
170000
156200
172000
161000
167600
165800
167600
166200
159000
169600
160600
167800
161000
164800
166800
158200
170000
167800
157400
168600
158400
165600
168400
161400
169400
163200
159200
172600
161400
164800
165000
158200
170200
161800
168000
164800
160600
166000
156000
171200
160600
163000
167600
164600
167600
156000
163400
167000
164400
163000
164200
160400
165600
170000
164200
166200
163000
159200
167800
166200
162800
165000
156200
170800
167000
161800
168200
164000
167000
161200
163200
167200
163000
166800
164400
161000
165800
157400
168000
0
