399160
2930160
1890720
2281760
1826240
1995760
1566240
2270320
2257840
1591200
1309360
2310880
1360320
1747200
941200
1189760
1411280
1885520
1744080
1464320
1358240
1292720
1929200
1582880
1096160
1500720
2255760
1658800
2497040
1519440
2080000
1869920
2280720
2089360
3068000
2460640
2722720
2524080
1515280
1837680
1399840
1588080
1579760
1282320
1744080
2507440
1818960
2113280
2277600
2505360
1699360
2998320
2120560
1639040
1711840
1718080
1347840
1622400
1762800
1262560
2074800
1724320
1709760
1944800
2460640
2040480
2309840
2557360
1948960
2439840
2624960
2026960
2177760
2761200
1833520
2735200
2030080
1890720
2545920
1480960
1833520
1789840
1860560
1647360
1589120
2326480
950560
2232880
1873040
2344160
1237600
2146560
2504320
2325440
1862640
1709760
1674400
1104480
885040
1316640
1121120
2036320
1178320
1410240
1323920
1879280
2119520
1453920
1586000
1085760
2501200
2021760
2388880
1919840
1417520
1545440
549120
1207440
1363440
1525680
1980160
1849120
1566240
2501200
1011920
1566240
1430000
1644240
1332240
1770080
2166320
1890720
2242240
2351440
2903680
2662400
2082080
2427360
2255760
2955680
2764320
2561520
2969200
2237040
1705600
2098720
2402400
2388880
2065440
2179840
2197520
1194960
1209520
1480960
2142400
876720
1943760
1474720
1097200
1127360
1208480
1438320
1858480
1886560
1770080
1962480
1848080
1879280
1327040
1746160
1426880
1327040
983840
1523600
1576640
1674400
2075840
1173120
1725360
1183520
1757600
2080000
2440880
2010320
1518400
2022800
2010320
1822080
1090960
2258880
1834560
1970800
1503840
1727440
1640080
1619280
1191840
1601600
1242800
1582880
1443520
1085760
1018160
1983280
1603680
1896960
1286480
2113280
2005120
1728480
2011360
1387360
1387360
1235520
1205360
1738880
1824160
1596400
2412800
1688960
1459120
2364960
2039440
2634320
2638480
2222480
2337920
1549600
2234960
2072720
1124240
2238080
2163200
1864720
1484080
1543360
1331200
1287520
1282320
2381600
2214160
1944800
1807520
1583920
1763840
1661920
1761760
1544400
1922960
1204320
1527760
1629680
1283360
1844960
2285920
1330160
1309360
1951040
1880320
1809600
1892800
1808560
1779440
2083120
1725360
1883440
1694160
1629680
2019680
1355120
1674400
2126800
1769040
2242240
2327520
2083120
1405040
1395680
2050880
2003040
1826240
2071680
1583920
1534000
2582320
1870960
1272960
1805440
1043120
1974960
1703520
1442480
1121120
1858480
1344720
2042560
1967680
2218320
2291120
1370720
1774240
1232400
1710800
1779440
2338960
2103920
2433600
1881360
1543360
2197520
1878240
2090400
1484080
2562560
2076880
2798640
2343120
1656720
2266160
3089840
2118480
2568800
2272400
1759680
2341040
1813760
1899040
2294240
2392000
2477280
2653040
2045680
2266160
2438800
2436720
2691520
1830400
1822080
2216240
1749280
1929200
1756560
2268240
1404000
1016080
2345200
1326000
2266160
2062320
2004080
2582320
1982240
1700400
2148640
1691040
2660320
1991600
2444000
1902160
1942720
1232400
1067040
1716000
1049360
1942720
1378000
1538160
1964560
1886560
1782560
2200640
2572960
1635920
2382640
2117440
1701440
2051920
1820000
1860560
2337920
1693120
1822080
1990560
2300480
2096640
1148160
1458080
1599520
906880
1345760
1379040
1969760
1463280
1381120
1727440
1721200
1884480
1778400
1240720
1450800
1274000
1597440
1394640
1294800
2143440
1868880
1812720
1682720
1615120
2037360
2124720
1974960
1860560
1375920
1289600
1462240
1927120
1527760
1228240
836160
1074320
903760
1574560
1105520
1770080
2037360
1838720
1175200
2182960
1261520
1077440
1748240
1591200
1405040
1312480
1721200
1568320
1498640
1991600
951600
1372800
868400
736320
1762800
1641120
2147600
1752400
2394080
1927120
2393040
1789840
2658240
1598480
1943760
2295280
816400
1594320
1331200
1712880
2172560
2098720
1796080
1727440
2108080
2148640
2509520
2480400
2101840
2607280
2310880
1718080
1976000
2032160
2806960
2480400
2614560
2717520
1620320
1859520
1830400
2905760
1909440
1978080
1591200
2649920
1734720
1878240
2720640
833040
1796080
2055040
1772160
1851200
2077920
2836080
2462720
2893280
1336400
1933360
2477280
1830400
2615600
2245360
2050880
1885520
2080000
2248480
2749760
1985360
2407600
2395120
1944800
1879280
1878240
1918800
2473120
1909440
1891760
1218880
1441440
1930240
1303120
2447120
1573520
2175680
1959360
2447120
2542800
2515760
2846480
2544880
2621840
2783040
2640560
2322320
2255760
1765920
2381600
1862640
2334800
1622400
2132000
2138240
2028000
2171520
1550640
1826240
1530880
1630720
2421120
1564160
2135120
1831440
2477280
1615120
1813760
1698320
1935440
1566240
1050400
1551680
1163760
1810640
1590160
2026960
2832960
2052960
2137200
2031120
1092000
1787760
2383680
2000960
2422160
2814240
1541280
1925040
2401360
2561520
2736240
2017600
1857440
2068560
2442960
2102880
2832960
1495520
2081040
1677520
1860560
1359280
2044640
1807520
1908400
732160
2520960
1545440
2595840
2228720
2407600
2708160
2591680
2693600
1551680
1900080
2258880
2178800
1976000
2754960
2081040
2369120
2233920
2428400
1335360
2422160
1779440
2820480
2154880
2415920
2271360
2694640
2267200
1922960
1961440
2049840
2176720
1835600
2564640
2294240
2240160
1752400
1893840
2031120
2152800
1889680
1779440
2457520
1522560
1584960
578240
1129440
2295280
1290640
1608880
2699840
2044640
2359760
1678560
1612000
1790880
1666080
2578160
2150720
2706080
2569840
1982240
1774240
2160080
1889680
2288000
2524080
931840
1874080
1170000
2119520
2041520
2258880
1510080
2100800
1903200
2468960
1988480
2253680
2551120
2084160
1622400
2330640
2118480
2259920
1478880
1063920
1734720
2011360
2343120
1513200
2288000
1914640
1103440
1788800
1595360
1365520
1245920
1788800
1662960
1256320
2043600
1345760
1111760
1758640
1589120
1635920
1682720
1246960
1229280
750880
1208480
1047280
1335360
1505920
1697280
1500720
1005680
709280
1444560
1647360
1031680
591760
1935440
1469520
1640080
1504880
647920
1799200
1600560
1550640
1422720
1823120
1326000
1314560
1918800
1500720
1285440
1962480
2506400
1614080
1409200
1917760
1676480
1772160
1289600
1875120
2150720
2397200
1643200
1264640
1496560
2218320
1583920
1704560
1366560
1694160
1783600
2281760
1246960
1940640
1907360
2823600
1447680
1491360
1956240
2529280
2454400
2135120
2017600
2267200
2886000
2188160
2432560
2273440
2192320
2758080
2077920
2067520
1653600
1684800
2046720
2219360
1890720
2219360
2343120
2189200
2637440
1686880
1426880
2264080
1496560
1711840
1565200
1860560
1302080
1898000
933920
1572480
1657760
1774240
2338960
2007200
2370160
2153840
2181920
1440400
1833520
1908400
1873040
1352000
1621360
2144480
1531920
1560000
1927120
1483040
2398240
1970800
2489760
1458080
2921360
2106000
2394080
3196960
3179280
2809040
2493920
2628080
2173600
2312960
2416960
1971840
1993680
1774240
1147120
2445040
2200640
1806480
2701920
2555280
2348320
2107040
2277600
2478320
1810640
1704560
2386800
2062320
1972880
1873040
2231840
2296320
1238640
1980160
1356160
1865760
1266720
1393600
1352000
881920
1363440
1369680
1789840
1776320
1801280
1705600
1542320
2369120
2343120
1904240
2343120
2386800
2466880
2005120
1636960
2239120
1902160
2025920
1823120
1981200
1757600
2452320
1535040
2111200
1527760
1934400
1869920
1564160
1397760
1472640
1648400
1542320
1986400
1798160
1726400
1412320
1648400
2332720
1088880
1785680
1775280
2344160
2505360
1853280
1380080
1740960
1971840
1504880
1816880
1236560
1987440
1441440
1379040
1636960
1259440
1698320
1496560
1004640
1171040
1182480
1240720
2065440
840320
1671280
1240720
1328080
800800
1974960
1343680
1625520
1581840
1925040
1400880
1586000
1745120
1518400
1489280
1187680
1346800
2059200
1368640
1406080
2086240
2168400
2013440
1890720
1060800
1843920
1126320
1878240
1696240
1365520
1628640
1177280
1131520
1166880
1564160
1838720
2215200
2249520
1634880
1624480
2011360
2044640
1932320
2445040
1814800
2623920
1567280
1830400
1639040
1770080
2043600
2589600
2241200
2966080
2028000
2593760
2248480
1712880
1875120
1884480
1701440
2251600
842400
2169440
2054000
2332720
2392000
1501760
1724320
2589600
3062800
2621840
2661360
1764880
2403440
2041520
1820000
1229280
1573520
1791920
1599520
2325440
2127840
2624960
2333760
1362400
1998880
1316640
1863680
1951040
1735760
1636960
1939600
0
22880
70720
0
0
0
4160
0
0
0
0
0
0
0
0
0
0
0
0
0
0
0
0
0
0
0
0
0
0
0
0
0
0
0
0
0
0
0
0
0
0
0
0
0
0
0
0
0
0
0
0
0
0
0
0
0
0
0
0
0
0
0
0
0
0
0
0
0
0
0
0
0
0
0
0
0
0
0
0
0
0
0
0
0
0
0
0
0
0
0
0
0
0
0
0
0
0
0
0
0
0
0
0
0
0
0
0
0
0
0
0
0
0
0
0
0
0
0
0
0
0
0
0
0
0
0
0
0
0
0
0
0
0
0
0
0
0
0
0
0
0
0
0
0
0
0
0
0
0
0
0
0
0
0
0
0
0
0
0
0
0
0
0
0
0
0
0
0
0
0
4160
0
0
0
0
0
0
0
0
5200
0
0
0
0
0
0
0
8320
0
0
7280
0
0
5200
0
0
0
0
0
0
11440
0
0
0
0
0
0
0
0
7280
0
0
0
0
0
4160
0
0
0
0
0
0
0
0
0
0
0
0
0
0
2080
0
0
0
0
0
0
0
0
0
0
0
0
3120
86320
4160
0
0
0
0
0
0
0
0
0
0
0
0
0
0
0
0
0
0
0
0
0
0
3120
0
0
0
0
0
0
0
0
0
0
0
0
0
0
0
0
0
0
0
0
0
0
0
10400
0
0
0
0
0
0
0
0
0
0
0
10400
0
4160
0
0
4160
0
0
10400
0
0
0
0
6240
0
0
0
0
0
0
0
0
0
0
0
0
0
3120
0
0
0
0
54080
0
0
0
0
0
0
0
3120
0
0
0
0
0
0
0
0
0
0
0
0
0
0
0
0
0
0
0
0
3120
0
0
0
0
0
0
0
0
0
0
0
0
0
0
21840
0
0
7280
0
0
0
0
0
0
8320
0
0
0
0
0
2080
0
0
6240
0
0
0
0
5200
0
0
5200
0
0
0
0
8320
0
0
131040
0
0
0
0
0
0
0
0
0
0
0
0
26000
0
0
0
0
0
0
0
0
0
0
0
6240
0
0
0
0
0
0
0
0
0
0
6240
0
0
5200
0
0
18720
0
0
0
0
0
0
0
2080
0
0
0
0
0
0
0
0
3120
0
0
0
0
0
0
1040
0
0
0
0
0
0
0
0
0
0
0
0
0
0
0
0
0
71760
0
0
0
0
0
0
0
0
0
0
0
0
14560
23920
0
0
0
0
0
0
0
0
0
0
0
5200
0
0
0
0
0
0
0
0
8320
0
0
0
0
0
0
11440
0
0
0
0
8320
4160
0
0
0
7280
0
0
0
4160
0
0
0
0
0
0
0
0
0
0
0
9360
0
0
0
0
0
0
0
0
0
0
0
0
4160
0
0
0
0
0
4160
22880
0
0
0
0
0
0
0
0
0
0
0
0
3120
34320
0
0
0
0
9360
0
0
0
0
0
0
4160
0
0
0
0
0
0
0
0
0
0
0
0
0
0
0
0
9360
0
1040
0
0
0
0
0
6240
0
3120
0
0
0
0
0
0
0
0
0
0
0
0
0
0
0
0
0
3120
0
0
0
0
8320
0
0
0
20800
93600
0
0
0
7280
0
0
0
0
0
0
13520
0
0
0
0
6240
0
0
0
0
0
0
0
0
0
0
0
0
0
0
0
0
0
0
0
0
0
0
0
0
0
0
0
5200
0
0
0
2080
0
0
0
0
4160
6240
0
0
0
0
0
0
5200
0
0
0
0
0
0
0
0
0
0
0
0
0
0
0
0
0
0
0
0
78000
0
0
0
0
0
0
0
0
0
0
7280
0
0
24960
0
0
0
0
0
0
0
6240
0
0
0
0
0
0
0
0
0
0
0
0
0
0
0
0
7280
0
