523880
677040
678080
770640
669760
700960
684320
642720
677040
668720
734240
665600
726960
668720
677040
722800
716560
624000
726960
735280
667680
685360
700960
694720
699920
720720
670800
726960
632320
733200
639600
666640
655200
666640
677040
687440
744640
706160
757120
646880
656240
765440
764400
662480
681200
723840
693680
674960
790400
710320
667680
707200
804960
718640
706160
663520
756080
745680
752960
686400
673920
716560
686400
707200
747760
677040
705120
662480
723840
751920
700960
664560
758160
787280
734240
743600
733200
733200
676000
707200
773760
724880
694720
695760
696800
712400
680160
776880
731120
754000
662480
734240
739440
684320
671840
704080
700960
654160
791440
760240
734240
717600
734240
693680
673920
713440
711360
735280
758160
704080
748800
726960
756080
692640
737360
735280
722800
671840
775840
690560
611520
677040
775840
662480
665600
692640
744640
720720
563680
698880
661440
674960
651040
657280
644800
685360
708240
772720
687440
710320
705120
764400
693680
641680
719680
740480
718640
731120
732160
749840
686400
730080
679120
750880
728000
747760
716560
642720
698880
769600
834080
721760
682240
691600
739440
794560
734240
732160
699920
703040
719680
711360
754000
778960
713440
658320
741520
708240
683280
726960
711360
718640
681200
769600
776880
708240
741520
749840
723840
720720
726960
683280
697840
737360
699920
786240
695760
751920
729040
717600
707200
765440
693680
795600
660400
726960
676000
732160
764400
663520
682240
745680
697840
766480
705120
714480
699920
760240
710320
686400
667680
768560
698880
706160
704080
708240
660400
693680
725920
763360
709280
714480
747760
640640
724880
798720
745680
654160
791440
653120
662480
776880
708240
717600
750880
648960
700960
658320
763360
718640
713440
740480
609440
706160
682240
839280
695760
534560
631280
681200
641680
697840
686400
759200
654160
710320
667680
660400
699920
681200
684320
809120
699920
728000
641680
726960
688480
731120
594880
768560
740480
728000
704080
736320
711360
755040
700960
699920
716560
764400
715520
744640
677040
705120
676000
728000
654160
744640
766480
752960
751920
738400
699920
714480
689520
703040
676000
690560
824720
751920
708240
720720
816400
714480
715520
693680
624000
761280
720720
683280
729040
705120
730080
707200
813280
672880
730080
726960
696800
603200
624000
715520
796640
726960
669760
743600
743600
750880
669760
735280
744640
616720
711360
640640
711360
665600
776880
658320
647920
797680
676000
684320
664560
734240
636480
735280
742560
666640
746720
686400
738400
687440
694720
733200
741520
768560
744640
632320
719680
775840
725920
704080
732160
673920
605280
602160
703040
661440
641680
619840
554320
670800
633360
629200
656240
648960
621920
631280
690560
739440
667680
642720
715520
656240
724880
780000
674960
631280
692640
646880
707200
763360
764400
604240
709280
743600
663520
725920
676000
713440
618800
600080
752960
656240
787280
818480
744640
705120
719680
704080
672880
670800
712400
645840
685360
700960
651040
615680
710320
685360
684320
635440
695760
737360
659360
707200
690560
730080
671840
619840
664560
742560
710320
722800
655200
771680
698880
752960
698880
731120
637520
774800
681200
652080
755040
707200
684320
712400
635440
673920
615680
674960
731120
685360
658320
740480
646880
689520
761280
682240
622960
711360
708240
690560
709280
693680
734240
695760
710320
723840
658320
611520
717600
794560
624000
749840
682240
715520
739440
728000
735280
676000
755040
739440
750880
754000
678080
735280
676000
689520
632320
731120
652080
714480
705120
754000
638560
757120
736320
699920
740480
662480
699920
633360
729040
733200
683280
723840
705120
692640
732160
710320
693680
598000
694720
774800
766480
754000
588640
605280
719680
670800
745680
723840
668720
763360
761280
674960
676000
640640
672880
762320
686400
599040
655200
610480
726960
688480
668720
674960
757120
757120
730080
667680
653120
704080
770640
733200
749840
705120
632320
705120
711360
670800
725920
664560
725920
642720
688480
627120
684320
673920
674960
630240
787280
746720
752960
770640
699920
686400
715520
717600
725920
676000
716560
748800
757120
668720
669760
642720
702000
692640
814320
730080
777920
713440
651040
719680
681200
776880
676000
711360
742560
684320
678080
700960
784160
771680
707200
721760
668720
712400
694720
660400
772720
738400
715520
718640
699920
589680
641680
847600
751920
862160
689520
703040
765440
710320
770640
728000
748800
723840
709280
784160
756080
711360
692640
754000
667680
777920
761280
698880
787280
688480
634400
687440
669760
747760
733200
741520
644800
710320
760240
688480
703040
873600
691600
760240
687440
668720
699920
711360
732160
708240
713440
678080
786240
681200
682240
659360
658320
717600
669760
807040
716560
754000
775840
787280
771680
672880
684320
692640
703040
800800
652080
655200
716560
674960
630240
636480
702000
652080
739440
654160
770640
746720
734240
715520
705120
657280
624000
711360
716560
629200
694720
719680
775840
769600
782080
777920
659360
687440
750880
717600
716560
717600
651040
808080
765440
765440
723840
713440
792480
789360
723840
695760
660400
717600
745680
587600
710320
741520
694720
787280
754000
768560
692640
751920
743600
712400
706160
730080
657280
732160
800800
710320
749840
681200
756080
688480
709280
685360
765440
723840
731120
695760
751920
792480
716560
721760
705120
699920
756080
717600
711360
730080
659360
730080
682240
690560
786240
670800
698880
699920
767520
685360
687440
672880
690560
626080
761280
804960
726960
627120
647920
760240
748800
770640
760240
692640
739440
763360
706160
713440
684320
730080
712400
682240
663520
768560
726960
693680
624000
734240
682240
689520
778960
710320
741520
616720
782080
721760
638560
699920
661440
740480
659360
658320
799760
707200
711360
696800
634400
689520
648960
668720
742560
702000
813280
734240
640640
761280
724880
717600
708240
724880
742560
689520
709280
646880
743600
732160
732160
732160
674960
721760
712400
690560
614640
628160
590720
702000
689520
703040
706160
760240
721760
672880
762320
629200
787280
670800
693680
690560
575120
696800
693680
673920
728000
725920
681200
686400
722800
707200
782080
684320
752960
730080
757120
685360
684320
702000
673920
679120
817440
616720
776880
699920
752960
590720
648960
690560
686400
710320
696800
725920
725920
666640
789360
762320
671840
722800
683280
689520
744640
710320
722800
713440
791440
756080
707200
763360
710320
712400
673920
725920
712400
700960
776880
715520
626080
667680
681200
687440
754000
588640
700960
646880
696800
659360
690560
631280
651040
566800
750880
699920
667680
668720
751920
635440
710320
680160
681200
602160
691600
766480
699920
743600
707200
612560
722800
640640
722800
696800
713440
611520
749840
639600
676000
617760
670800
650000
639600
671840
687440
618800
722800
645840
679120
594880
572000
633360
647920
647920
668720
716560
654160
667680
783120
676000
653120
653120
687440
652080
679120
719680
684320
654160
615680
654160
615680
632320
691600
687440
559520
752960
676000
671840
697840
694720
676000
655200
630240
679120
652080
663520
615680
690560
589680
682240
676000
691600
605280
647920
706160
664560
702000
644800
639600
665600
611520
672880
745680
685360
654160
671840
656240
608400
717600
694720
732160
665600
682240
673920
657280
560560
636480
716560
618800
594880
607360
705120
629200
622960
610480
620880
691600
643760
681200
596960
696800
702000
740480
676000
653120
734240
720720
748800
713440
657280
743600
671840
755040
680160
757120
794560
731120
529360
596960
642720
745680
741520
699920
767520
667680
746720
690560
690560
666640
757120
676000
716560
686400
715520
752960
737360
820560
695760
757120
752960
722800
684320
804960
609440
722800
682240
658320
663520
605280
645840
697840
743600
687440
728000
666640
667680
687440
708240
644800
615680
662480
735280
662480
678080
757120
583440
666640
804960
703040
674960
747760
648960
691600
679120
758160
711360
715520
693680
702000
723840
714480
558480
665600
735280
721760
803920
767520
684320
687440
677040
716560
741520
737360
716560
678080
750880
757120
674960
703040
694720
674960
728000
688480
795600
681200
667680
721760
725920
654160
710320
678080
764400
704080
703040
674960
740480
698880
708240
717600
672880
736320
652080
744640
734240
706160
655200
767520
681200
690560
647920
598000
703040
622960
676000
782080
737360
706160
687440
687440
721760
705120
707200
656240
698880
761280
626080
723840
676000
699920
676000
598000
758160
736320
718640
721760
710320
706160
739440
692640
585520
743600
708240
706160
767520
708240
749840
740480
682240
702000
744640
683280
659360
770640
693680
726960
692640
733200
676000
732160
711360
733200
740480
723840
748800
746720
733200
748800
637520
721760
734240
696800
646880
741520
617760
826800
751920
748800
698880
679120
789360
728000
629200
690560
752960
837200
646880
670800
685360
680160
721760
740480
772720
632320
770640
630240
691600
689520
713440
739440
678080
736320
609440
654160
656240
780000
707200
694720
797680
697840
695760
761280
700960
662480
691600
703040
626080
642720
708240
730080
619840
736320
733200
752960
687440
733200
763360
703040
738400
720720
726960
686400
694720
730080
663520
752960
748800
647920
767520
696800
707200
759200
743600
735280
689520
669760
721760
729040
696800
714480
712400
739440
778960
729040
761280
708240
628160
650000
682240
731120
658320
759200
700960
699920
714480
711360
717600
717600
720720
760240
692640
720720
696800
723840
713440
738400
750880
669760
618800
688480
702000
641680
772720
667680
650000
729040
755040
750880
630240
666640
679120
747760
723840
881920
652080
681200
796640
752960
704080
702000
752960
740480
697840
742560
722800
765440
708240
728000
737360
686400
716560
774800
659360
658320
656240
745680
677040
721760
718640
632320
784160
719680
670800
740480
702000
643760
730080
783120
722800
729040
730080
673920
714480
724880
692640
714480
643760
624000
693680
590720
699920
689520
716560
673920
756080
688480
716560
683280
669760
636480
668720
784160
848640
736320
706160
723840
762320
692640
724880
685360
770640
659360
750880
693680
648960
706160
732160
606320
781040
706160
646880
670800
784160
709280
698880
726960
682240
729040
673920
760240
681200
676000
678080
679120
732160
632320
635440
674960
738400
692640
828880
711360
775840
702000
728000
696800
760240
725920
783120
646880
754000
708240
691600
733200
778960
712400
743600
648960
730080
748800
816400
732160
725920
691600
824720
681200
747760
702000
707200
774800
728000
737360
726960
709280
785200
685360
696800
742560
810160
713440
752960
713440
699920
806000
693680
772720
673920
625040
767520
736320
740480
757120
673920
718640
712400
789360
682240
723840
693680
696800
757120
758160
745680
677040
757120
677040
680160
798720
672880
729040
715520
715520
724880
613600
653120
725920
690560
713440
731120
718640
714480
693680
759200
673920
684320
670800
717600
746720
762320
642720
670800
717600
680160
690560
673920
768560
770640
710320
634400
792480
734240
688480
703040
754000
696800
729040
706160
780000
700960
679120
737360
708240
692640
714480
596960
641680
682240
733200
737360
660400
762320
668720
707200
814320
646880
717600
752960
758160
672880
680160
698880
748800
747760
745680
725920
670800
713440
870480
739440
588640
811200
631280
725920
703040
687440
682240
722800
682240
760240
731120
734240
672880
762320
760240
699920
734240
640640
740480
712400
783120
640640
705120
707200
748800
682240
711360
720720
742560
712400
681200
703040
708240
793520
706160
704080
728000
665600
774800
703040
676000
608400
804960
664560
738400
697840
738400
751920
673920
730080
716560
718640
702000
660400
800800
699920
763360
737360
642720
765440
682240
666640
731120
769600
669760
652080
758160
770640
680160
743600
742560
777920
759200
651040
686400
630240
698880
637520
715520
705120
667680
829920
650000
685360
640640
691600
731120
679120
665600
721760
732160
703040
665600
710320
684320
710320
813280
698880
679120
690560
746720
750880
618800
638560
750880
748800
740480
752960
758160
719680
747760
776880
648960
825760
664560
750880
769600
700960
722800
791440
788320
663520
695760
749840
650000
679120
677040
748800
744640
715520
744640
646880
749840
731120
667680
763360
684320
766480
790400
690560
709280
654160
665600
715520
684320
833040
760240
784160
785200
709280
825760
691600
772720
791440
702000
740480
709280
723840
758160
740480
668720
651040
718640
715520
822640
706160
769600
750880
752960
639600
682240
790400
784160
740480
835120
724880
767520
677040
731120
798720
726960
710320
705120
699920
776880
686400
712400
787280
652080
732160
743600
705120
706160
702000
776880
656240
717600
718640
711360
781040
716560
644800
0
