128640
282080
399480
358800
466960
141440
117520
71760
185120
136240
165360
250760
479440
224640
168480
146640
255840
336960
199680
203840
326560
234000
209040
84240
12480
31200
106080
62400
37440
66560
68640
64480
34320
84240
74880
37440
81120
215280
293280
114400
365040
176800
113360
63440
115440
134160
109200
87360
137280
271440
154960
157040
315120
404560
102960
141440
350480
320320
612560
529360
505440
347360
382720
112320
68640
88400
290160
231920
178880
106080
137280
146640
159120
115440
149760
367120
425360
327600
224640
537680
370240
160160
220480
134160
109200
89440
370240
345280
344240
299520
296400
304720
256880
319280
281840
355680
321360
502320
327600
430560
424320
321360
253760
419120
325520
309920
354640
428480
222560
402480
570960
388960
383760
486720
461760
291200
128960
262080
494000
301600
557440
392080
317200
156000
114400
91520
96720
71760
137280
102960
190320
121680
137280
71760
131040
271440
106080
168480
101920
104000
90480
171600
68640
71760
315120
528320
279760
275600
333840
533520
615680
394160
324480
361920
373360
542880
637520
555360
341120
327600
290160
328640
304720
292240
421200
308880
411840
393120
390000
349440
252720
305760
149760
367120
180960
227760
301600
366080
332800
317200
330720
653120
276640
284960
385840
302640
268320
121680
109200
165360
269360
286000
224640
128960
167440
102960
223600
153920
106080
280800
468000
315120
268320
112320
436800
308880
109200
179920
289120
274560
245440
58240
116480
65520
165360
127920
56160
27040
347360
62400
78000
93600
284960
66560
253760
246480
145600
272480
78000
111280
38480
200720
405600
244400
185120
366080
176800
28080
88400
365040
183040
253760
280800
317200
171600
140400
46800
127920
250640
183040
202800
386880
243360
180960
255840
145600
306800
180960
280800
134160
302640
159120
131040
196560
90480
272480
350480
272480
402480
402480
324480
187200
209040
423280
518960
265200
131040
243360
277680
193440
277680
218400
196560
68640
280800
199680
183040
231920
234000
49920
18720
124800
68640
137280
505440
370240
312000
410800
237120
385840
306800
331760
388960
156000
445120
177840
227760
356720
376480
68640
268320
140400
118560
194480
257920
122720
130000
167440
244400
209040
177840
62400
101920
225680
162240
193440
128960
214240
96720
62400
43680
127920
81120
124800
134160
99840
124800
302640
179920
327600
360880
480480
232960
138320
206960
166400
135200
198640
310960
188240
134160
248560
194480
116480
364000
368160
84240
90480
205920
215280
179920
197600
127920
140400
221520
184080
167440
299520
107120
124800
99840
149760
93600
258960
313040
298480
575120
552240
533520
517920
500240
553280
499200
502320
586560
585520
360880
351520
290160
246480
159120
109200
68640
240240
249600
78000
101920
227760
372320
162240
96720
68640
99840
293280
308880
117520
166400
102960
281840
161200
165360
152880
274560
406640
348400
396240
249600
90480
137280
95680
104000
171600
240240
117520
275600
146640
184080
262080
349440
352560
390000
68640
140400
131040
46800
71760
68640
149760
122720
216320
169520
283920
284960
204880
237120
190320
134160
218400
173680
188240
108160
314080
326560
202800
93600
264160
416000
168480
328640
71760
265200
692640
786240
388960
93600
173680
144560
112320
61360
94640
184080
146640
99840
80080
32240
171600
293280
102960
62400
37440
12480
40560
56160
62400
96720
108160
166400
31200
131040
78000
104000
23920
104000
161200
93600
234000
171600
274560
227760
209040
134160
193440
62400
137280
212160
202800
184080
159120
218400
227760
123760
128960
165360
146640
131040
124800
299520
350480
283920
135200
241280
246480
113360
96720
105040
149760
90480
169520
182000
139360
361920
117520
121680
167440
94640
131040
152880
159120
137280
59280
266240
170560
199680
56160
78000
31200
212160
159120
59280
156000
167440
243360
107120
53040
171600
115440
243360
240240
53040
277680
118560
78000
172640
212160
282880
184080
176800
191360
328640
89440
115440
81120
171600
140400
99840
102960
56160
323440
88400
81120
159120
102960
173680
10400
211120
194480
140400
250640
529360
458640
502320
325520
275600
281840
240240
272480
265200
152880
76960
162240
117520
281840
236080
125840
208000
208000
92560
73840
166400
104000
105040
90480
133120
428480
383760
312000
93600
87360
121680
82160
30160
18720
118560
102960
87360
280800
279760
288080
153920
345280
212160
227760
190320
180960
102960
197600
240240
253760
231920
59280
354640
217360
349440
330720
294320
383760
359840
471120
273520
429520
324480
376480
255840
168480
334880
370240
184080
106080
134160
93600
43680
37440
121680
118560
84240
59280
68640
53040
99840
23920
72800
74880
227760
24960
90480
56160
156000
188240
195520
43680
56160
65520
143520
247520
324480
476320
338000
373360
437840
370240
496080
737360
443040
357760
190320
218400
91520
192400
66560
295360
268320
116480
114400
68640
174720
112320
99840
146640
34320
96720
102960
268320
294320
345280
525200
495040
270400
344240
396240
284960
355680
357760
61360
85280
221520
205920
312000
290160
174720
115440
90480
240240
174720
349440
570960
252720
118560
262080
84240
127920
106080
112320
127920
96720
106080
258960
234000
62400
193440
112320
92560
70720
257920
352560
192400
228800
172640
116480
100880
371280
162240
361920
574080
332800
369200
442000
500240
315120
361920
255840
359840
400400
228800
346320
297440
335920
400400
375440
594880
607360
584480
561600
544960
648960
393120
486720
189280
231920
165360
174720
261040
506480
512720
589680
549120
555360
366080
191360
180960
249600
81120
193440
111280
203840
408720
409760
237120
423280
325520
405600
647920
535600
278720
402480
399360
371280
346320
343200
134160
115440
142480
338000
356720
193440
387920
250640
266240
276640
152880
85280
139360
168480
71760
116480
111280
187200
131040
137280
90480
187200
296400
74880
156000
226720
390000
187200
94640
118560
183040
113360
215280
131040
310960
405600
220480
293280
192400
119600
73840
354640
407680
364000
204880
331760
405600
463840
661440
807040
931840
386880
159120
74880
139360
437840
514800
531440
261040
221520
252720
140400
81120
43680
321360
101920
72800
109200
90480
149760
187200
121680
137280
141440
255840
366080
272480
106080
99840
174720
131040
74880
93600
43680
24960
152880
159120
62400
140400
171600
81120
62400
96720
87360
62400
127920
114400
172640
149760
65520
64480
88400
277680
310960
225680
84240
84240
109200
137280
114400
113360
112320
159120
96720
104000
161200
118560
45760
216320
74880
112320
127920
196560
102960
262080
304720
303680
106080
402480
252720
221520
152880
74880
218400
101920
107120
315120
70720
122720
84240
145600
150800
212160
134160
446160
357760
498160
529360
557440
438880
492960
408720
373360
364000
372320
165360
437840
229840
93600
133120
138320
60320
282880
268320
328640
130000
184080
137280
99840
74880
46800
168480
106080
99840
218400
280800
249600
316160
238160
275600
135200
55120
65520
421200
162240
391040
480480
508560
529360
199680
461760
265200
0
0
1040
0
0
0
10400
0
0
0
0
0
0
0
0
0
0
0
0
0
0
0
0
0
0
0
0
0
0
0
0
0
0
0
0
0
0
0
0
0
0
0
0
0
0
0
0
0
0
0
0
0
0
0
0
0
0
0
0
0
0
0
0
0
0
0
0
0
0
0
0
0
0
0
0
0
0
0
0
0
0
0
0
0
0
0
0
0
0
0
0
0
0
0
0
0
0
0
0
0
0
0
0
0
0
0
0
0
0
0
0
0
0
0
0
0
0
0
0
0
0
0
0
0
0
0
0
0
0
0
0
0
0
0
0
0
0
0
0
0
0
0
0
0
0
0
0
0
0
0
0
0
0
0
0
0
0
0
0
0
0
0
0
0
0
0
0
0
0
0
0
0
0
0
0
0
0
0
0
2080
0
0
0
0
0
0
0
4160
0
0
0
0
0
2080
0
0
0
0
0
0
1040
0
0
0
0
0
0
0
0
0
0
0
0
0
0
0
0
0
0
0
0
0
0
0
0
0
0
0
0
0
0
0
0
0
0
0
0
0
0
0
0
0
0
0
1040
0
0
0
0
0
0
0
0
0
0
0
0
0
0
0
0
0
0
0
0
0
0
0
0
0
0
0
0
0
0
0
0
0
0
0
0
0
0
0
0
0
0
0
0
0
0
0
0
0
0
0
0
0
0
0
0
0
0
0
0
0
1040
0
0
0
0
0
10
0
0
0
0
0
0
0
0
0
0
0
0
0
0
0
0
0
0
3120
0
0
0
0
3120
0
0
0
0
0
0
0
0
0
0
0
0
0
0
0
0
0
0
0
0
0
0
0
0
0
0
0
0
2080
0
0
0
0
0
0
0
0
0
0
0
0
0
0
3120
0
0
1040
0
0
0
0
0
0
0
0
0
0
0
0
0
0
0
0
0
0
0
0
0
0
0
0
0
0
0
0
0
0
0
13520
0
0
0
0
0
0
0
0
0
0
0
0
11440
0
0
0
0
0
0
0
0
0
0
0
0
0
0
0
0
0
0
0
0
0
0
0
0
0
0
0
0
0
0
0
0
0
0
0
0
0
0
0
0
0
0
0
0
0
0
0
0
0
0
0
0
0
0
0
0
0
0
0
0
0
0
0
0
0
0
0
0
0
0
17680
0
0
0
0
0
0
0
0
0
0
0
0
0
0
0
0
0
0
0
0
0
0
0
0
0
0
0
0
0
0
0
0
0
0
4160
0
0
0
0
0
0
2080
0
0
0
0
5200
2080
0
0
0
1040
0
0
0
0
0
0
0
0
0
0
0
0
0
0
0
0
0
0
0
0
0
0
0
0
0
0
0
0
1040
0
0
0
0
0
0
0
0
0
0
0
0
0
0
0
0
0
0
0
0
11440
0
0
0
0
0
0
0
0
0
0
0
0
0
0
0
0
0
0
0
0
0
0
0
0
0
0
0
0
0
0
4160
0
0
0
0
0
2080
0
1040
0
0
0
0
0
0
0
0
0
0
0
0
0
0
0
0
0
0
0
0
0
0
1040
0
0
0
0
3120
0
0
0
0
0
0
0
0
0
0
4160
0
0
0
0
1040
0
0
0
0
0
0
0
0
0
0
0
0
0
0
0
0
0
0
0
0
0
0
0
0
0
0
0
0
0
0
0
0
0
0
0
0
0
0
0
0
0
0
0
0
0
0
0
0
0
0
0
0
0
0
0
0
0
0
0
0
0
0
0
0
0
6240
0
0
0
0
0
0
0
0
0
0
0
0
0
0
0
0
0
0
0
0
0
0
0
0
0
0
0
0
0
0
0
0
0
0
0
0
0
0
0
0
