47160
2048360
1418560
1215760
1990560
1668160
2264080
1679600
1900080
1622400
1992640
1773200
2179840
1574560
1911520
1720160
2509520
2206880
1747200
1730560
1702480
1116960
1115920
1610960
884000
1794000
1528800
2325440
1762800
2056080
1535040
1834560
1823120
1744080
1494480
1385280
2058160
685360
1596400
1482000
1524640
1679600
2084160
1836640
1242800
910000
817440
1643200
1108640
1828320
968240
1340560
1768000
1413360
2006160
1252160
1887600
1604720
1840800
1253200
1517360
1666080
690560
1401920
1122160
1632800
1262560
659360
1205360
948480
1028560
1931280
795600
1392560
564720
1504880
820560
1358240
1057680
462800
1705600
1702480
1671280
1704560
1197040
1490320
1805440
1187680
1534000
1031680
1576640
2028000
1866800
1970800
1319760
1085760
940160
1805440
1438320
1433120
1370720
2013440
884000
1707680
1602640
1249040
1417520
1680640
1364480
928720
570960
476320
1312480
1400880
1842880
506480
1324960
1297920
1555840
1834560
1485120
2068560
1796080
1695200
2143440
1178320
1484080
1772160
1679600
511680
1359280
1667120
1583920
1200160
1532960
1392560
1723280
1359280
938080
1788800
1252160
2168400
2069600
1700400
1912560
1937520
1512160
2093520
2120560
2553200
1490320
1224080
1415440
1051440
1244880
1192880
1515280
1746160
1194960
2108080
906880
1274000
1478880
1625520
1992640
1802320
1440400
1734720
1751360
2284880
2137200
1607840
1879280
1343680
1547520
1808560
1510080
1411280
1624480
895440
980720
1661920
1054560
1961440
1603680
1406080
1396720
1679600
1342640
1126320
1133600
1144000
776880
1747200
1007760
1584960
848640
1691040
547040
889200
1344720
446160
1610960
572000
1266720
647920
556400
725920
1037920
1457040
1602640
1294800
1610960
1843920
2144480
1664000
2384720
1798160
2046720
1999920
839280
1449760
1629680
1531920
1396720
1758640
2227680
1877200
2382640
2077920
1901120
1798160
1653600
1773200
1620320
1855360
1993680
1934400
1081600
1103440
1714960
1331200
2179840
1543360
2205840
1869920
2493920
1681680
1684800
1941680
1530880
2033200
1882400
2095600
1685840
1666080
1759680
1972880
1494480
2543840
1825200
1395680
1613040
1242800
1228240
1983280
1587040
2028000
1445600
1549600
1426880
1256320
2054000
945360
1992640
2006160
1936480
1668160
1386320
1023360
1242800
1430000
1011920
1675440
1529840
1263600
1814800
1192880
1016080
1526720
1459120
1392560
1714960
1607840
1645280
1950000
992160
1856400
1391520
1695200
927680
1271920
1520480
2113280
1465360
1346800
1078480
1939600
1915680
1844960
1604720
1713920
1777360
1738880
2077920
1541280
1774240
2149680
1671280
1547520
1513200
1950000
1355120
1368640
2005120
1556880
1634880
429520
1578720
1208480
1165840
739440
1007760
522080
754000
905840
928720
735280
1679600
1079520
1756560
952640
1216800
1189760
1212640
1305200
1554800
1483040
1424800
575120
1027520
1024400
1393600
943280
1378000
1746160
1199120
1011920
760240
874640
792480
1219920
1014000
1609920
1041040
1406080
1574560
1576640
1469520
1502800
2055040
1380080
1604720
1985360
2277600
1802320
2017600
1644240
1616160
1787760
1594320
1829360
1755520
1314560
1597440
1821040
1900080
1771120
2128880
1497600
1321840
2245360
2397200
1380080
1921920
1524640
1180400
1398800
1292720
1781520
1488240
1442480
2111200
1344720
1659840
1955200
1781520
1844960
1282320
1354080
1794000
1550640
1706640
1497600
1981200
1134640
1876160
1118000
1762800
1725360
1036880
1490320
1544400
1563120
1833520
1479920
1682720
2373280
1770080
2041520
1153360
1760720
1433120
1630720
1763840
1765920
2184000
1443520
1887600
1662960
1393600
1447680
1597440
1563120
1359280
946400
1445600
1628640
1572480
1628640
1454960
1945840
1298960
1289600
1178320
1591200
1327040
1383200
1116960
1724320
869440
1192880
1311440
2250560
1370720
2032160
1737840
1885520
1293760
1565200
1937520
1492400
1214720
1581840
1688960
1890720
2782000
1771120
1998880
2610400
1968720
1614080
2098720
2221440
1951040
1984320
1415440
2055040
1770080
2201680
2216240
1835600
2503280
1475760
2032160
2153840
1946880
1954160
1814800
1303120
1746160
1437280
1728480
1598480
1698320
1601600
1901120
2431520
1865760
1596400
1746160
1523600
1479920
1366560
1250080
1902160
1305200
2038400
1813760
2353520
1574560
1918800
1399840
2727920
1376960
1620320
2003040
2114320
2569840
2315040
2067520
2071680
2023840
1214720
1504880
1433120
762320
1398800
1182480
2135120
1488240
1755520
1703520
1408160
1760720
1604720
1779440
1318720
1521520
2046720
2668640
2574000
1736800
1806480
2129920
2208960
1703520
1509040
2186080
1227200
1015040
992160
1706640
1995760
1566240
1381120
1449760
1208480
1575600
1328080
2036320
1257360
1435200
1674400
1405040
859040
2134080
1406080
1365520
1677520
1777360
2042560
1933360
1244880
1196000
1113840
1439360
907920
1180400
812240
1818960
912080
1889680
904800
1608880
1613040
1503840
1382160
1516320
1927120
1180400
879840
1292720
1045200
1591200
1267760
1396720
1706640
1460160
1172080
1170000
1358240
1851200
1223040
1089920
1379040
946400
1309360
1391520
1771120
1077440
812240
1052480
1383200
2012400
1421680
1643200
1024400
1202240
1229280
140400
1443520
1498640
1043120
1993680
1912560
1666080
1042080
1704560
1239680
1153360
1080560
1560000
853840
1352000
669760
1007760
1104480
1753440
1554800
1310400
1373840
1551680
1675440
1282320
667680
1678560
1243840
1609920
1078480
1286480
1207440
1573520
1474720
1072240
847600
692640
1632800
1527760
1920880
1600560
766480
1291680
1416480
830960
732160
1074320
1817920
1486160
1574560
1050400
1744080
1449760
1257360
1575600
446160
1244880
1399840
751920
1624480
1644240
1584960
1893840
1475760
2071680
1653600
1862640
1401920
2024880
2432560
2005120
1959360
1738880
2082080
1619280
1357200
1765920
1492400
1608880
1570400
2241200
1300000
1486160
1966640
1153360
1040000
960960
1478880
1086800
1331200
1858480
1724320
2386800
1356160
1875120
1950000
2223520
1815840
1300000
1154400
2062320
1943760
1523600
2069600
1753440
2254720
1754480
1878240
1070160
2527200
1554800
1790880
2184000
1317680
1955200
1368640
1591200
798720
1579760
1120080
1472640
1288560
1030640
1434160
897520
954720
503360
1240720
1096160
1628640
1248000
2146560
2337920
1628640
1141920
1563120
1240720
2091440
1440400
1070160
1577680
1214720
1246960
962000
1813760
983840
1869920
2570880
1945840
2072720
1684800
1522560
1499680
2116400
1855360
1758640
1571440
2160080
2171520
2246400
2077920
1967680
1499680
1616160
1669200
1971840
1583920
1945840
1618240
757120
1916720
1788800
1180400
1317680
1129440
1590160
1690000
1374880
969280
1177280
2037360
1769040
532480
1239680
1227200
848640
1088880
1046240
1018160
1848080
1370720
1531920
1635920
2019680
1301040
1354080
1484080
1573520
1579760
2252640
1828320
1649440
1484080
1737840
1651520
1710800
1714960
1345760
2044640
1212640
1600560
1074320
1251120
1525680
1050400
1675440
1502800
1807520
1848080
696800
1426880
1537120
1382160
2147600
1344720
1710800
1656720
1369680
1281280
1472640
1448720
1588080
1227200
1632800
747760
1467440
1555840
2073760
1021280
1784640
1009840
1309360
2369120
1251120
1992640
1688960
1907360
2195440
1249040
1450800
1189760
799760
1042080
1186640
878800
1253200
1477840
1624480
1147120
1399840
1613040
2107040
2132000
1744080
2298400
1775280
1225120
1717040
1138800
1623440
1196000
1914640
1989520
1099280
874640
1760720
901680
604240
741520
1575600
1591200
1911520
1773200
1632800
1579760
1676480
1180400
1246960
1380080
1496560
1196000
1114880
1166880
1549600
1402960
1641120
946400
1308320
2029040
1794000
1346800
1973920
1043120
1667120
2024880
1333280
918320
1556880
1367600
1811680
1571440
1678560
1245920
1484080
918320
1027520
907920
950560
1217840
1647360
1863680
1580800
1868880
2252640
1323920
1188720
1904240
1206400
1500720
1271920
1023360
1173120
1566240
1285440
1681680
1692080
1118000
1789840
1482000
2092480
2127840
1469520
1794000
1860560
1954160
1575600
2036320
2638480
1815840
1735760
1803360
1546480
1157520
1864720
816400
1906320
1131520
1780480
1699360
915200
1552720
937040
1388400
1144000
1763840
1460160
1754480
1569360
1890720
1840800
1270880
1329120
1278160
1605760
1565200
1125280
1998880
1485120
1742000
1854320
1803360
1484080
1214720
1735760
1553760
1437280
1591200
1985360
1604720
1255280
2212080
1664000
2078960
1772160
1335360
1441440
1119040
1444560
820560
1653600
1405040
931840
1591200
1714960
1556880
1504880
1733680
1952080
1105520
1597440
1443520
1957280
1147120
1356160
1514240
1532960
1717040
1311440
1501760
1443520
1945840
1959360
2029040
2106000
1158560
1144000
2673840
2016560
1803360
2580240
1931280
1670240
1807520
983840
1449760
785200
1581840
1565200
1706640
1489280
1441440
1773200
1616160
1901120
1184560
1838720
1295840
1742000
1839760
868400
1525680
2065440
1345760
2097680
1874080
1940640
1468480
1586000
858000
1145040
403520
1007760
1014000
1468480
1172080
1306240
2069600
1071200
1126320
818480
1354080
1360320
1471600
849680
1059760
1072240
1248000
1294800
1085760
1621360
1647360
1828320
789360
1820000
1216800
2070640
1534000
2090400
1459120
1831440
1418560
1562080
2165280
1495520
1692080
1551680
1602640
1900080
1554800
1444560
1776320
1493440
1589120
1375920
1257360
1534000
1617200
1407120
1679600
1675440
1076400
1608880
1246960
1727440
1017120
864240
1628640
1388400
1269840
1959360
1999920
1593280
1859520
1231360
1504880
1688960
785200
1967680
1439360
1572480
1176240
1176240
1233440
879840
788320
945360
1000480
1371760
1445600
1597440
1225120
1884480
1682720
1153360
1290640
407680
1398800
1185600
1207440
777920
1229280
617760
1154400
639600
824720
502320
1813760
645840
509600
2051920
1374880
1683760
1375920
1529840
1774240
1685840
1666080
1386320
1528800
1320800
627120
1155440
1461200
1125280
1000480
2324400
812240
1859520
778960
1386320
1551680
2180880
1173120
1530880
1466400
1209520
1332240
887120
1440400
906880
1422720
1704560
1158560
910000
1387360
926640
1349920
1567280
975520
847600
1073280
1726400
1204320
1696240
1262560
1899040
625040
1526720
1111760
1334320
1054560
1203280
1208480
980720
1687920
799760
1426880
1058720
1060800
1313520
1037920
605280
1289600
902720
1141920
1096160
899600
1421680
1193920
1358240
1327040
1316640
676000
977600
1431040
913120
1828320
1217840
1379040
1310400
1962480
838240
1397760
1357200
1313520
1583920
1108640
1849120
1989520
1832480
1528800
1284400
1752400
1626560
1370720
1177280
714480
1887600
832000
1416480
1664000
1382160
1212640
1644240
882960
719680
1297920
1523600
871520
1085760
736320
1780480
1383200
1724320
1339520
1070160
972400
1545440
2168400
1326000
1592240
1386320
1709760
1729520
1527760
1786720
1014000
1469520
721760
735280
1544400
1275040
876720
1135680
1838720
1470560
1994720
1478880
1743040
1435200
1477840
1504880
760240
1088880
1344720
896480
867360
1562080
1709760
1650480
1806480
1435200
2000960
1866800
2251600
1939600
1970800
1799200
1323920
1607840
1558960
1829360
1313520
2186080
1463280
2091440
1422720
1924000
2222480
1705600
1200160
1510080
1371760
1308320
1328080
1384240
574080
473200
1406080
1208480
948480
783120
634400
1146080
1297920
708240
1192880
1212640
1381120
1045200
1468480
1842880
1670240
1561040
1287520
1875120
725920
986960
1365520
1469520
1083680
1853280
1538160
1268800
1175200
1119040
886080
722800
1206400
1182480
1511120
705120
1019200
1077440
945360
1478880
1958320
1605760
897520
1748240
954720
1746160
1731600
1220960
772720
1292720
1173120
1610960
959920
1493440
809120
1682720
1070160
1603680
1837680
1035840
2063360
1474720
1272960
1432080
945360
1404000
1194960
1244880
891280
1194960
1460160
1472640
1162720
904800
1220960
1179360
948480
1080560
829920
940160
1341600
974480
871520
1537120
988000
1324960
1015040
976560
1407120
539760
922480
1332240
978640
316160
984880
315120
1024400
1001520
622960
971360
1460160
843440
1522560
586560
860080
1623440
1603680
1142960
1303120
982800
881920
639600
357760
355680
106080
1012960
829920
923520
898560
1508000
1153360
1135680
715520
1812720
543920
1136720
1185600
1088880
362960
1772160
884000
988000
816400
1347840
1209520
2181920
1276080
1253200
1556880
984880
1165840
1186640
1224080
1433120
742560
1078480
1072240
1473680
1266720
1561040
1763840
973440
1199120
1227200
1651520
1333280
867360
944320
1037920
765440
1098240
1080560
982800
1168960
1056640
1158560
640640
1077440
1214720
1078480
1375920
1193920
1050400
124800
1268800
1492400
1211600
1392560
1186640
1027520
952640
744640
1097200
1427920
1036880
1634880
1276080
1175200
1164800
1435200
1417520
1670240
1390480
677040
1174160
1598480
2442960
1577680
1695200
1567280
1241760
669760
2291120
2038400
2333760
1482000
2067520
1607840
1528800
2046720
1570400
1776320
1244880
1654640
1582880
1729520
988000
1500720
1395680
1514240
1450800
1724320
1852240
1250080
1583920
1030640
1672320
1297920
1727440
1373840
1688960
1471600
1352000
1591200
1362400
1974960
1713920
1574560
2072720
2470000
2152800
1980160
1958320
1729520
2211040
2002000
1861600
2700880
1799200
1535040
1721200
1736800
1476800
2090400
1716000
1983280
1502800
1677520
1483040
1987440
1550640
1850160
1280240
1190800
873600
1439360
1425840
1087840
1067040
1123200
643760
1431040
1708720
1815840
1562080
1282320
1586000
956800
1571440
1828320
1301040
1702480
1425840
1431040
1664000
1021280
1380080
1009840
1111760
1754480
1078480
1332240
962000
1111760
1443520
1570400
1314560
1556880
1526720
1175200
1761760
1070160
1693120
1931280
2004080
1138800
1650480
1731600
1774240
1525680
2026960
1517360
2117440
2319200
1612000
1956240
1740960
1591200
1685840
1471600
2361840
1746160
2083120
2085200
1347840
1625520
1833520
1596400
1709760
1766960
1629680
2051920
2073760
2058160
2029040
1396720
1468480
1805440
1749280
1753440
1628640
1449760
1747200
1622400
1626560
1679600
1487200
1508000
1809600
1649440
1902160
1847040
1846000
2094560
2068560
1856400
2015520
1288560
1443520
1204320
1214720
1402960
1941680
1796080
1985360
2163200
1984320
2026960
1868880
2206880
2151760
1993680
1532960
1922960
2472080
1752400
2608320
2010320
1628640
1960400
1463280
1768000
1612000
1239680
1077440
949520
983840
1304160
1584960
1308320
1877200
731120
2089360
1719120
1301040
1911520
2207920
1490320
2367040
1795040
1737840
1816880
1363440
1603680
876720
1748240
1482000
1256320
1440400
1364480
1595360
1994720
1059760
960960
1180400
1421680
1479920
1840800
1960400
1340560
1246960
1832480
1519440
2101840
1392560
2242240
1261520
1268800
1245920
1161680
1572480
1747200
2341040
2059200
0
