108520
126880
126880
128960
120640
135200
105040
146640
106080
99840
122720
133120
112320
134160
138320
139360
141440
133120
143520
134160
138320
105040
138320
137280
126880
137280
106080
120640
128960
131040
143520
143520
137280
131040
131040
135200
126880
106080
147680
126880
137280
87360
87360
113360
142480
124800
118560
131040
149760
143520
134160
140400
137280
131040
137280
118560
118560
118560
131040
131040
131040
137280
122720
118560
137280
133120
137280
149760
106080
87360
137280
143520
124800
137280
137280
131040
133120
135200
149760
137280
131040
137280
137280
137280
117520
88400
99840
87360
110240
139360
137280
145600
128960
137280
143520
143520
141440
139360
131040
137280
131040
139360
118560
141440
143520
143520
147680
131040
108160
143520
143520
106080
136240
136240
133120
136240
138320
131040
137280
143520
131040
143520
112320
137280
134160
132080
126880
143520
131040
139360
141440
122720
123760
134160
131040
137280
131040
106080
149760
125840
142480
146640
127920
137280
143520
91520
139360
112320
131040
137280
87360
133120
135200
123760
138320
143520
137280
124800
137280
137280
135200
133120
131040
141440
139360
137280
137280
112320
124800
112320
147680
133120
141440
139360
137280
124800
137280
135200
133120
137280
137280
142480
136240
124800
139360
137280
137280
147680
83200
87360
49920
118560
123760
132080
118560
147680
133120
141440
136240
140400
149760
106080
141440
145600
131040
124800
143520
124800
141440
139360
118560
137280
109200
146640
117520
138320
91520
133120
143520
124800
112320
135200
139360
99840
137280
87360
99840
91520
133120
131040
124800
131040
149760
118560
81120
88400
117520
136240
105040
143520
131040
133120
141440
133120
141440
120640
122720
123760
140400
124800
143520
135200
139360
137280
104000
136240
134160
135200
145600
137280
143520
135200
135200
97760
93600
131040
131040
131040
137280
143520
131040
131040
137280
139360
141440
131040
143520
131040
142480
119600
124800
149760
124800
133120
141440
131040
137280
143520
135200
133120
137280
137280
149760
149760
137280
131040
137280
143520
141440
128960
135200
137280
124800
143520
135200
126880
127920
127920
143520
143520
141440
145600
137280
143520
137280
118560
137280
141440
139360
137280
131040
143520
118560
118560
137280
124800
112320
131040
106080
131040
143520
137280
137280
147680
108160
137280
124800
137280
131040
135200
116480
110240
124800
131040
130000
100880
143520
131040
131040
131040
137280
122720
139360
141440
139360
143520
137280
143520
143520
137280
106080
137280
127920
138320
120640
141440
139360
143520
137280
128960
139360
137280
131040
81120
99840
99840
93600
99840
81120
93600
99840
93600
93600
78000
96720
99840
93600
81120
141440
133120
137280
138320
136240
149760
143520
137280
143520
141440
145600
124800
143520
124800
141440
139360
143520
137280
135200
139360
106080
137280
149760
149760
141440
143520
120640
106080
137280
147680
121680
142480
131040
131040
143520
137280
124800
135200
137280
133120
137280
141440
126880
137280
143520
143520
135200
133120
137280
137280
143520
131040
137280
137280
143520
137280
131040
145600
128960
137280
149760
143520
141440
126880
147680
137280
133120
137280
124800
143520
143520
143520
149760
147680
142480
144560
145600
143520
147680
131040
143520
133120
147680
145600
137280
143520
149760
149760
149760
144560
140400
145600
143520
149760
141440
137280
145600
143520
143520
149760
131040
137280
149760
149760
143520
147680
106080
139360
143520
143520
147680
137280
139360
149760
147680
145600
136240
142480
145600
122720
135200
133120
139360
137280
143520
124800
130000
130000
132080
142480
145600
137280
143520
143520
139360
139360
145600
143520
137280
143520
124800
128960
139360
137280
139360
124800
135200
137280
143520
135200
139360
131040
143520
137280
141440
117520
109200
106080
131040
142480
119600
131040
139360
135200
116480
145600
143520
118560
137280
131040
124800
131040
137280
128960
133120
137280
131040
143520
118560
137280
149760
145600
141440
143520
149760
143520
143520
131040
137280
137280
124800
147680
133120
143520
128960
130000
134160
135200
137280
133120
149760
131040
131040
137280
143520
124800
137280
135200
139360
124800
131040
131040
137280
137280
112320
143520
137280
115440
134160
141440
105040
144560
118560
139360
143520
143520
137280
135200
133120
121680
140400
130000
138320
131040
137280
143520
131040
143520
143520
139360
128960
139360
128960
118560
131040
137280
134160
132080
120640
128960
143520
101920
137280
143520
128960
137280
120640
124800
124800
141440
145600
147680
145600
131040
133120
127920
138320
135200
126880
137280
143520
124800
137280
149760
137280
124800
124800
126880
133120
133120
131040
137280
149760
143520
122720
87360
120640
131040
149760
143520
143520
143520
141440
123760
140400
143520
135200
145600
137280
147680
133120
141440
133120
137280
131040
140400
138320
139360
131040
143520
143520
137280
137280
141440
145600
149760
137280
135200
126880
141440
134160
148720
131040
124800
131040
127920
146640
149760
124800
137280
137280
143520
137280
141440
125840
137280
138320
135200
139360
106080
143520
124800
149760
143520
137280
136240
144560
143520
137280
93600
135200
131040
108160
124800
124800
93600
87360
93600
76960
97760
79040
139360
134160
138320
108160
124800
141440
131040
133120
143520
131040
131040
131040
137280
124800
137280
137280
124800
141440
126880
140400
125840
120640
99840
99840
143520
149760
124800
137280
137280
118560
106080
141440
137280
141440
141440
131040
124800
124800
149760
127920
146640
137280
147680
132080
144560
118560
137280
131040
149760
143520
135200
126880
124800
137280
124800
124800
124800
143520
143520
125840
123760
135200
145600
131040
143520
143520
131040
135200
124800
139360
93600
134160
134160
139360
128960
127920
134160
131040
131040
137280
137280
149760
131040
137280
131040
121680
140400
131040
137280
134160
132080
125840
132080
126880
128960
137280
141440
139360
143520
131040
141440
133120
135200
139360
131040
149760
149760
141440
133120
131040
140400
133120
138320
131040
143520
137280
137280
149760
135200
120640
143520
137280
124800
131040
131040
131040
137280
137280
132080
136240
141440
111280
138320
130000
134160
141440
139360
143520
143520
133120
135200
137280
124800
143520
147680
133120
136240
150800
143520
132080
140400
126880
147680
139360
93600
137280
137280
137280
149760
124800
147680
93600
145600
137280
137280
141440
126880
143520
139360
145600
139360
131040
143520
137280
123760
144560
110240
133120
141440
145600
139360
135200
118560
149760
143520
122720
120640
143520
135200
120640
137280
137280
137280
115440
87360
96720
99840
81120
86320
88400
97760
83200
99840
85280
89440
81120
37440
81120
137280
137280
143520
143520
147680
120640
137280
124800
131040
122720
143520
120640
137280
143520
131040
118560
124800
143520
122720
120640
141440
137280
120640
112320
131040
143520
143520
131040
131040
141440
143520
99840
131040
139360
135200
133120
124800
131040
118560
124800
137280
149760
131040
124800
137280
143520
143520
141440
139360
127920
134160
143520
124800
112320
131040
124800
106080
137280
124800
149760
124800
124800
141440
131040
139360
137280
139360
128960
124800
131040
118560
106080
131040
143520
112320
133120
141440
143520
135200
126880
137280
131040
137280
135200
133120
135200
133120
131040
96720
134160
124800
124800
144560
136240
143520
149760
143520
137280
141440
126880
106080
127920
146640
142480
125840
137280
115440
115440
93600
87360
93600
93600
93600
93600
87360
87360
87360
79040
89440
106080
141440
114400
118560
143520
131040
135200
114400
143520
143520
143520
118560
81120
131040
137280
143520
149760
139360
97760
112320
131040
106080
141440
126880
148720
136240
108160
127920
115440
143520
143520
141440
139360
137280
143520
147680
133120
132080
139360
131040
121680
131040
131040
137280
143520
143520
131040
143520
143520
143520
135200
139360
149760
139360
141440
143520
137280
143520
131040
121680
145600
138320
101920
135200
124800
124800
128960
139360
137280
147680
126880
124800
93600
99840
135200
139360
137280
137280
119600
136240
124800
141440
133120
143520
115440
140400
135200
142480
119600
133120
131040
143520
135200
126880
141440
139360
106080
126880
128960
127920
146640
137280
131040
124800
124800
143520
118560
131040
141440
126880
131040
131040
131040
124800
98800
142480
126880
131040
137280
131040
128960
141440
128960
124800
137280
124800
143520
118560
122720
133120
128960
139360
131040
143520
131040
115440
134160
87360
124800
121680
140400
143520
141440
126880
137280
131040
149760
112320
131040
149760
137280
131040
137280
140400
136240
122720
127920
144560
139360
137280
137280
124800
131040
143520
147680
133120
131040
131040
90480
96720
124800
131040
124800
143520
149760
128960
131040
132080
136240
139360
131040
130000
142480
139360
124800
131040
143520
140400
140400
147680
139360
137280
149760
128960
126880
137280
143520
126880
126880
133120
118560
118560
141440
133120
131040
131040
131040
131040
143520
128960
145600
106080
118560
135200
139360
135200
139360
131040
131040
143520
112320
137280
124800
93600
143520
124800
117520
125840
137280
137280
141440
145600
124800
131040
135200
108160
131040
118560
131040
137280
135200
126880
137280
128960
133120
143520
131040
143520
141440
123760
126880
142480
145600
124800
115440
140400
137280
122720
126880
131040
137280
135200
145600
131040
137280
137280
131040
137280
99840
137280
143520
137280
137280
128960
114400
122720
139360
137280
143520
124800
143520
143520
133120
122720
124800
106080
124800
124800
143520
124800
143520
137280
143520
143520
137280
143520
143520
137280
131040
149760
128960
145600
127920
144560
137280
128960
141440
137280
122720
108160
131040
137280
124800
106080
143520
143520
137280
137280
130000
138320
135200
107120
94640
93600
131040
141440
137280
126880
143520
143520
143520
137280
124800
143520
143520
124800
143520
141440
143520
139360
141440
120640
141440
139360
137280
149760
131040
137280
137280
137280
137280
143520
131040
141440
139360
137280
143520
124800
116480
126880
131040
137280
137280
143520
137280
143520
137280
133120
145600
143520
133120
143520
143520
149760
133120
128960
137280
143520
135200
145600
87360
140400
146640
143520
143520
131040
135200
137280
120640
137280
131040
124800
137280
131040
137280
137280
137280
137280
137280
99840
99840
93600
128960
120640
149760
131040
149760
137280
124800
143520
124800
137280
143520
137280
143520
143520
149760
143520
110240
133120
141440
145600
137280
149760
118560
149760
112320
143520
143520
112320
143520
137280
147680
133120
112320
131040
124800
137280
131040
137280
140400
134160
143520
137280
135200
101920
118560
131040
118560
143520
137280
137280
128960
133120
142480
119600
137280
124800
112320
137280
141440
133120
143520
137280
124800
127920
134160
137280
143520
143520
136240
125840
137280
131040
143520
131040
137280
143520
124800
137280
143520
141440
137280
139360
137280
143520
148720
132080
131040
131040
143520
131040
143520
128960
133120
131040
131040
115440
134160
137280
131040
118560
135200
133120
143520
141440
136240
134160
137280
137280
124800
137280
137280
143520
141440
133120
149760
143520
143520
143520
145600
135200
131040
137280
147680
135200
135200
131040
149760
143520
137280
143520
137280
143520
124800
143520
147680
133120
137280
131040
137280
143520
137280
137280
142480
144560
131040
143520
131040
137280
143520
137280
141440
126880
141440
139360
149760
143520
133120
139360
126880
143520
137280
131040
137280
141440
139360
139360
145600
133120
143520
131040
137280
106080
143520
118560
131040
143520
137280
143520
127920
134160
134160
140400
118560
106080
143520
137280
122720
126880
131040
143520
137280
137280
131040
131040
130000
132080
99840
87360
99840
87360
93600
118560
141440
143520
133120
131040
137280
118560
137280
137280
143520
139360
139360
137280
133120
107120
148720
137280
112320
122720
133120
143520
128960
137280
133120
137280
131040
136240
144560
141440
133120
118560
93600
99840
143520
131040
143520
139360
141440
131040
137280
147680
139360
137280
128960
126880
99840
134160
146640
124800
131040
116480
133120
89440
133120
139360
136240
144560
118560
135200
139360
137280
105040
138320
118560
112320
131040
124800
137280
143520
137280
135200
131040
131040
137280
139360
142480
144560
128960
139360
137280
137280
137280
143520
131040
143520
147680
126880
147680
130000
127920
143520
118560
131040
137280
137280
135200
128960
122720
135200
100880
138320
148720
125840
143520
131040
127920
140400
145600
126880
106080
126880
131040
143520
141440
139360
124800
147680
135200
141440
137280
128960
0
