1446840
4017000
3744640
3862280
3779440
3867080
3709480
3762040
3847840
3707800
3776760
3778880
3847160
3679800
3815200
3821200
3726600
3868960
3707640
3840600
3725840
3821480
3715320
3855040
3713280
3835960
3708960
3849720
3755640
3777280
3793160
3707880
3824920
3800680
3796560
3714400
3856080
3702200
3863480
3734560
3769800
3823880
3755760
3792400
3789280
3758240
3779040
3868360
3734360
3782920
3880280
3752440
3796960
3842880
3732240
3802280
3739480
3869760
3805840
3743760
3871240
3779680
3858520
3728760
3843720
3739160
3838600
3752840
3808040
3821400
3689720
3900440
3742480
3829680
3807040
3737400
3826760
3788000
3774200
3876200
3699920
3901320
3727960
3826360
3839880
3684720
3881400
3826040
3787640
3751360
3863480
3747680
3808440
3828080
3747800
3750080
3887880
3724320
3845800
3774720
3768640
3885320
3757480
3822200
3763640
3844760
3779520
3786560
3888640
3757960
3776800
3811360
3829120
3779640
3770280
3832360
3729440
3891680
3741000
3759320
3840640
3757400
3831000
3746000
3824520
3854680
3726240
3846120
3722360
3872640
3737680
3823120
3831720
3730960
3931720
3730520
3802680
3813080
3740080
3911720
3748600
3839560
3780760
3759000
3866600
3736760
3866840
3826480
3752200
3887640
3764880
3761440
3881360
3745480
3861840
3779400
3744520
3865960
3779040
3827480
3856320
3707400
3883360
3736280
3878480
3734760
3746320
3829480
3815680
3759760
3778000
3891680
3701800
3854160
3746200
3807840
3820480
3749640
3883480
3753160
3802280
3790640
3858080
3856560
3694680
3929760
3750880
3768440
3801160
3785760
3761120
3848280
3697160
3867200
3724080
3868840
3776120
3718160
3905160
3709400
3861240
3742040
3833920
3727240
3858760
3745720
3775520
3836440
3753000
3790280
3851360
3764160
3810000
3723240
3847120
3760760
3857920
3699240
3859680
3751160
3835160
3820800
3729960
3846280
3737560
3784960
3810040
3835120
3771000
3836440
3715960
3864720
3747240
3776880
3802640
3763960
3752680
3829680
3724920
3869360
3708400
3853680
3803640
3865640
3728840
3864240
3709560
3839760
3731920
3883320
3742080
3819920
3768520
3802920
3844520
3685480
3868880
3719520
3820680
3832680
3704000
3862440
3698600
3872560
3714760
3851520
3789480
3707920
3920600
3724800
3880720
3764560
3780720
3777480
3801280
3868800
3726360
3807840
3769920
3790200
3862520
3736120
3839000
3768360
3849400
3723560
3820880
3794640
3746960
3845240
3736360
3851880
3708640
3861600
3766080
3766040
3820160
3846760
3763200
3770840
3823120
3733880
3887160
3739720
3910480
3700000
3839800
3765440
3740600
3898640
3711160
3856440
3769760
3754440
3844680
3733120
3844520
3741760
3878120
3778040
3886880
3726560
3863720
3752760
3789120
3887560
3719400
3847920
3770280
3804280
3833080
3696800
3918200
3746280
3890120
3680640
3891520
3746040
3801960
3848080
3730120
3834680
3789640
3793240
3823680
3726120
3902480
3738600
3830920
3748960
3846080
3755640
3749200
3875240
3726040
3828360
3797120
3770880
3824440
3782200
3757720
3860000
3724600
3816720
3780280
3760640
3869960
3732920
3841320
3732400
3841320
3775480
3767960
3838720
3784640
3747440
3878400
3760120
3755400
3835280
3788160
3811120
3817480
3704720
3873640
3779320
3769520
3874440
3751040
3791840
3900840
3699280
3822480
3755040
3826440
3768040
3733840
3895360
3742280
3839560
3723840
3772000
3873960
3744000
3823760
3827520
3754880
3810480
3775080
3773400
3867880
3757600
3811720
3804520
3777240
3874600
3765360
3803080
3901400
3726520
3785000
3868320
3707720
3830760
3807120
3721480
3899800
3724960
3867080
3732880
3859760
3768360
3770160
3827960
3838080
3824880
3752200
3816400
3813360
3761560
3717920
3868800
3726120
3841040
3786040
3739600
3876440
3745120
3781880
3866880
3711280
3828320
3754320
3850040
3723320
3911720
3730640
3826200
3786400
3765480
3822240
3759920
3805480
3852520
3714760
3808840
3739320
3844640
3793520
3717240
3867560
3775000
3774320
3879200
3768520
3797200
3713760
3849560
3809760
3833760
3719760
3849400
3742840
3838560
3824640
3772520
3765640
3834960
3740200
3808800
3788200
3846040
3765280
3857360
3780680
3729680
3814920
3753960
3857920
3818640
3757760
3770560
3828760
3748160
3814280
3794240
3781160
3864600
3712800
3817080
3747800
3868480
3754520
3858840
3717080
3851400
3787120
3780240
3830360
3742280
3817840
3765600
3824880
3754240
3818120
3773680
3774200
3856160
3755480
3876680
3740080
3804680
3821480
3707960
3900880
3746480
3825520
3751080
3793360
3846160
3756760
3869840
3744000
3812120
3859000
3756800
3804880
3815840
3738880
3854880
3744800
3808720
3815200
3711720
3899400
3728800
3812600
3813000
3795440
3811120
3733080
3827280
3769720
3864440
3747680
3746320
3868800
3678040
3891520
3675440
3867240
3762240
3779320
3846520
3709280
3850960
3771680
3861520
3720240
3806200
3827560
3731480
3828800
3762360
3805400
3844520
3751200
3896400
3742760
3877960
3764240
3742960
3848280
3758760
3860200
3765640
3751000
3875960
3712640
3832480
3827360
3742040
3861080
3743720
3777040
3821400
3767040
3794240
3795040
3763920
3822640
3731560
3799560
3824960
3760560
3735080
3878800
3703240
3812760
3744600
3796760
3855040
3738600
3781120
3811440
3751320
3864760
3715600
3866560
3705160
3869760
3723280
3849440
3768680
3755880
3804640
3814480
3741680
3788880
3856000
3770760
3804880
3832560
3748240
3815840
3763400
3858560
3811080
3712520
3865240
3733600
3747600
3835040
3800600
3840480
3710800
3870960
3730520
3802440
3795880
3800560
3775600
3800560
3849600
3695600
3870200
3732800
3863000
3710720
3836120
3813400
3738280
3855120
3824400
3807680
3738760
3938080
3708560
3841200
3762200
3774320
3866080
3758960
3778360
3825160
3756680
3886160
3725200
3805640
3804000
3754120
3906680
3722400
3834920
3788360
3703520
3859600
3814560
3822920
3747480
3859520
3782880
3766840
3862800
3727880
3932720
3722240
3813040
3788240
3761640
3813920
3727960
3853760
3817000
3748680
3892640
3727160
3836120
3795280
3760920
3901960
3723400
3878480
3736240
3821760
3749200
3805920
3789640
3760920
3875200
3755400
3722400
3837000
3737680
3877240
3749280
3784080
3783840
3772880
3854480
3747480
3861480
3702320
3862480
3748480
3773440
3815800
3767280
3754760
3864840
3753840
3855520
3771840
3813920
3779720
3737120
3877560
3736000
3878000
3753200
3805120
3812640
3771800
3887360
3757400
3821640
3838640
3745840
3889920
3764320
3737360
3853880
3694160
3905000
3738600
3794000
3823840
3768680
3832520
3794600
3737760
3852240
3746120
3843240
3743800
3818120
3767120
3728360
3881080
3728800
3880480
3744040
3808000
3800280
3756280
3860320
3742400
3809160
3822520
3695280
3890760
3723920
3838480
3786520
3879520
3742480
3786720
3777320
3818920
3857800
3745240
3828560
3765080
3794960
3886800
3721880
3796240
3876360
3778840
3766160
3890720
3763960
3818800
3832680
3775480
3728040
3900280
3756920
3874680
3767720
3801440
3837400
3811400
3759960
3904920
3761520
3787640
3784760
3774320
3799680
3802720
3868880
3728000
3835360
3787440
3813520
3897840
3744200
3807320
3836440
3828040
3821480
3732320
3862160
3774280
3803120
3764000
3849320
3681640
3866040
3712480
3872040
3825200
3776880
3806400
3710560
3900200
3770560
3764160
3840440
3800880
3753000
3799720
3833720
3714440
3895320
3715840
3853880
3747000
3837000
3819800
3737480
3887160
3723920
3814760
3848280
3745640
3897280
3693000
3829040
3752920
3781960
3864000
3754760
3838120
3763680
3833320
3735040
3815840
3758440
3759240
3858960
3739200
3832600
3820880
3860160
3773440
3768080
3886640
3681840
3842080
3752480
3743800
3845720
3734760
3832560
3746160
3818840
3861480
3727360
3810520
3798680
3767200
3862360
3781160
3784520
3865440
3756600
3775920
3833120
3750560
3890800
3721120
3832160
3741080
3815520
3808120
3792800
3899240
3695280
3876360
3816640
3719600
3870920
3738840
3941240
3710000
3882720
3751040
3823040
3776520
3798800
3865240
3733840
3788440
3845560
3761080
3795680
3820680
3758320
3846320
3808240
3730680
3875960
3774560
3761960
3886120
3826520
3716920
3840720
3774440
3864400
3749480
3804000
3849520
3683600
3865080
3803040
3714440
3883440
3745600
3835000
3796960
3766000
3885480
3686760
3883160
3756600
3912880
3719080
3795280
3858240
3722200
3917760
3763760
3766080
3881280
3722880
3812920
3900240
3739560
3786840
3857320
3749800
3873920
3741120
3768960
3859760
3761520
3774120
3849920
3789520
3801800
3797120
3823440
3855840
3700120
3896720
3739920
3843320
3766800
3805960
3804000
3716840
3924080
3804120
3747240
3809800
3800720
3753240
3850920
3763720
3851360
3776720
3910520
3801600
3730200
3900120
3749320
3745720
3897960
3744960
3822440
3878400
3709160
3885440
3751680
3800280
3799240
3752320
3866800
3740320
3833120
3791480
3763280
3886480
3779440
3767680
3845600
3740440
3901240
3760360
3750040
3838560
3740880
3811040
3872760
3756800
3762280
3885600
3761760
3832920
3848760
3717240
3789240
3842680
3825760
3813360
3808840
3715480
3854720
3762120
3902680
3747520
3772240
3821000
3769320
3741640
3915040
3761960
3785080
3868680
3726600
3904480
3752280
3803960
3829400
3826240
3727360
3872440
3745480
3783280
3909600
3737200
3845320
3804520
3727120
3888880
3727960
3862200
3714480
3887520
3771080
3784440
3864240
3748120
3882160
3827400
3745640
3818120
3842520
3747840
3844880
3841960
3708040
3902400
3730080
3835120
3769560
3724560
3883520
3849160
3706560
3800640
3862480
3758240
3763640
3835040
3859520
3772120
3733600
3902480
3739560
3836560
3766000
3773160
3874480
3740960
3854120
3765880
3822960
3800040
3832640
3830600
3756520
3870720
3769680
3881600
3724880
3817880
3874720
3801280
3786080
3882160
3730160
3894000
3753520
3835720
3878120
3745200
3823400
3829320
3787200
3737440
3855000
3728680
3894360
3711440
3898160
3706000
3889520
3743080
3778960
3881760
3752440
3762560
3824800
3721760
3940200
3738560
3822400
3858440
3712600
3883520
3727880
3828640
3845040
3757080
3740320
3874640
3735680
3854240
3775640
3756440
3871960
3747280
3850640
3737720
3872760
3758840
3788760
3868520
3732640
3868800
3750280
3788560
3775320
3813480
3826880
3727160
3898800
3752760
3868720
3722240
3819560
3828560
3730480
3927280
3737720
3844680
3763320
3804400
3857240
3751240
3885440
3784440
3772360
3874760
3707560
3932000
3707560
3876560
3772400
3763560
3836400
3783960
3892920
3724960
3812840
3733880
3896040
3739800
3800080
3832680
3738400
3926480
3724240
3878040
3750480
3833480
3814960
3753520
3903320
3662640
3917280
3742040
3893680
3718360
3820200
3789640
3784960
3885880
3683280
3883720
3715280
3859000
3743720
3811120
3859240
3729880
3889320
3712520
3844120
3759840
3824320
3758640
3775480
3800120
3853160
3788840
3737200
3902000
3735240
3835480
3744160
3865960
3754720
3757360
3868400
3724600
3855640
3752880
3836400
3874520
3667480
3883320
3703080
3885320
3772640
3778760
3861080
3704720
3890960
3821560
3708240
3845080
3815720
3914640
3719760
3853160
3736000
3807560
3790320
3762200
3859040
3747120
3894320
3701520
3894680
3730240
3880520
3753600
3807720
3835680
3767040
3817200
3784440
3775680
3794520
3812720
3820440
3754360
3875240
3698360
3867840
3728560
3816360
3782760
3735840
3848960
3812600
3712920
3907200
3726400
3882040
3745640
3858360
3779640
3744320
3869360
3736600
3822400
3780320
3739320
3893480
3720400
3887600
3760520
3832280
3781200
3791200
3831200
3708960
3876760
3793200
3754520
3885160
3775880
3776920
3803040
3800880
3763160
3813040
3845520
3730000
3886200
3733280
3794960
3831200
3760840
3782760
3842520
3730400
3909360
3736960
3844880
3743240
3768160
3826960
3771080
3844880
3801120
3766560
3858520
3781320
3799160
3852240
3741080
3806720
3867360
3721080
3908600
3737640
3823360
3785440
3791320
3841920
3700200
3943480
3770600
3840720
3834360
3751920
3809400
3788000
3763600
3821160
3777160
3741800
3830520
3830880
3753600
3773480
3781880
3792160
3792440
3830040
3747960
3781240
3787560
3768040
3833480
3708360
3870680
3715920
3853920
3754160
3758440
3861080
3733640
3844440
3825840
3733960
3823600
3763880
3778600
3829560
3729920
3830840
3744880
3876200
3760240
3754040
3822960
3842680
3687800
3858160
3780560
3762720
3823320
3811240
3748280
3826280
3817920
3742760
3842320
3778680
3777560
3901760
3726920
3814800
3764080
3786040
3835600
3714680
3830360
3753360
3814960
3806080
3739600
3889240
3749080
3815840
3773320
3704040
3843280
3745440
3904400
3740280
3841080
3783000
3736880
3836040
3772480
3800080
3772480
3736480
3823600
3802600
3807320
3712720
3847040
3770880
3782240
3748800
3842640
3752040
3841880
3746240
3801840
3848400
3762480
3778920
3878400
3751960
3880160
3718680
3885800
3733880
3881840
3753600
3856080
3806920
3763080
3767480
3815920
3780760
3762640
3893080
3728120
3860680
3723280
3850120
3743000
3818160
3786360
3720880
3807280
3816800
3804720
3706640
3866040
3727040
3848720
3717360
3811960
3757560
3810080
3753720
3753440
3850160
3766840
3782920
3837320
3697720
3873960
3698880
3877240
3738400
3827760
3830200
3727800
3841840
3738840
3853360
3748040
3828000
3745360
3803520
3837080
3748520
3794800
3823600
3742800
3848920
3751760
3761600
3843040
3703880
3831000
3719400
3867240
3740920
3808200
3844760
3743560
3826920
3742600
3805400
3800040
3759920
3872480
3728040
3852760
3812400
3732160
3844600
3791120
3812560
3724880
3840280
3694480
3888640
3698400
3871440
3722200
3892480
3736880
3821200
3784400
3748600
3845080
3728800
3856880
3819080
3750640
3770960
3849680
3697080
3836720
3743440
3852120
3771680
3765040
3823480
3722640
3864480
3745720
3813720
3791520
3782960
3780760
3801400
3733400
3850680
3716960
3803960
3751320
3820240
3761840
3816240
3768560
3736920
3852400
3752600
3796200
3783800
3770360
3868720
3725760
3784320
3768480
3763600
3889480
3713040
3848560
3822280
3743880
3869200
3755760
3797280
3842280
3750600
3787520
3879160
3771880
3798480
3858200
3771760
3796720
3831560
3788720
3853200
3752600
3861800
3704080
3893120
3766920
3919920
3728840
3843720
3753160
3810680
3780600
3723440
3823720
3828760
3841800
3728120
3883000
3755240
3813880
3826720
3748120
3879320
3750720
3770560
3918160
3721240
3834680
3757680
3906680
3758960
3864960
3801920
3775600
3874080
3782640
3773800
3843600
3788160
3774640
3830520
3735040
3841560
3781600
3746520
3860640
3738600
3865560
3742000
3857800
3748520
3753160
3882800
3746480
3849160
3840160
3722520
3878520
3763880
3801520
3868000
3752240
3791000
3845800
3730400
3828320
3808440
3759800
3889040
3710360
3883480
3755080
3778920
3849600
3719520
3900440
3726960
3829280
3823680
3774600
3839400
3795120
3747400
3810720
3784560
3904280
3740440
3768000
3843560
3790680
3786880
3820160
3786080
3730360
3886280
3714600
3861600
3795320
3672040
3926560
3714520
3878360
3779600
3726920
3853800
3778040
3774880
3868360
3742960
3786560
3860240
3739560
3886880
3703520
3899800
3726760
3873320
3753920
0
