162400
142800
162600
154800
156600
158000
168200
153800
149400
166800
145800
152800
163400
162200
147200
170800
157800
153600
163400
156400
141200
165000
153200
153000
154600
163200
145000
158800
153800
153200
155600
152000
168600
150400
150800
156200
155800
157600
147800
169600
155400
149000
166200
155200
153000
167200
149200
153000
159000
162400
154600
159400
165600
140800
159000
162400
160200
133000
168400
145000
155000
161400
154200
157400
154400
145800
169000
158400
148200
166200
142200
153600
163000
149600
158600
160200
141600
167200
151200
154600
162400
153400
168400
137600
174000
147000
160800
159600
155400
153800
165400
145000
155800
152800
155600
159800
152800
148200
164600
150200
154600
165400
146000
153000
153600
157800
147200
159800
162000
145600
164600
150600
159600
148400
146400
168800
148000
161800
161800
144600
165400
138000
155600
150800
158200
159400
149600
155600
164000
139000
171800
143600
152800
161400
147000
159600
155000
153600
162800
136200
162200
147600
168600
153000
152600
161800
159200
147200
159400
157000
143400
149200
168600
148000
144800
160800
162200
147200
165800
152600
144000
169200
152400
165400
151400
148800
165800
143400
166600
143800
161400
151200
146000
167600
151200
155800
153400
158000
154000
160400
158600
152200
165400
153000
160400
158000
142000
165800
152400
149600
170000
142600
150200
165200
138600
172000
141600
156200
155600
153400
167000
144400
152200
165000
155200
153400
162400
135000
163800
156400
145000
159400
158200
147200
170400
137600
161000
152200
148800
162200
155000
148800
157200
164800
152000
150400
165000
158600
151800
157200
167000
160000
157400
159000
146000
154200
164200
153600
152600
166800
152400
153800
164400
155200
153400
161600
149400
154200
165600
147600
156400
164400
149200
164800
154400
150000
165600
160200
147200
163200
149200
158400
150600
159800
163600
139200
168000
154800
145800
167600
153200
145400
167600
154800
148200
163000
153200
137600
162800
160200
156600
155400
154000
151600
162600
147600
165200
158400
147600
160800
156200
156200
167000
153800
153600
158800
154400
154200
164400
143400
158000
151600
171600
157200
145600
163600
147400
161400
151200
146200
166200
157600
143800
162000
135800
154800
165800
141400
166400
151200
157000
152200
156800
162200
151400
158600
144600
153000
167800
150200
160000
157600
148000
168200
159600
143800
166800
145600
162400
153000
155400
164000
137800
165400
143400
158000
156000
146800
166000
158400
144200
163400
161200
150800
163800
149000
155800
167600
139200
162000
158200
147600
163400
151800
153800
166800
154400
146000
156400
153800
154400
146800
167400
144800
145400
167600
160600
149800
159000
168000
147600
167000
150200
150200
154600
156200
155200
154600
173000
150800
151800
163000
154200
133800
168200
149200
148200
168600
154000
148200
167400
144200
145800
160600
151600
164200
160600
140800
168000
140200
156400
164600
147000
153800
161600
148000
156400
161800
144000
165600
146800
154200
170000
153600
160200
142000
144800
167400
158000
150000
162600
145200
156200
171000
147400
152800
161800
157800
143200
166200
149200
157200
151600
147400
165200
158600
143600
167800
155200
152600
172000
133200
170600
140000
157400
148200
159000
154200
132000
150400
154200
147400
157800
161800
145800
152200
162800
153200
154400
159800
137800
169600
152400
148800
171000
148000
160000
160200
150400
170200
153000
151600
160400
139200
149800
167400
157400
146000
158600
152200
155800
154800
154200
151800
162400
156400
145800
165400
144800
160600
162200
146400
161400
153800
152800
162200
149200
164200
148800
154600
159400
150000
156400
160800
156000
151600
155200
173000
145600
148800
159200
157800
152800
153800
165800
148800
159200
158800
140400
157800
139000
155200
150600
160000
141600
154800
157400
157400
142200
152400
158400
154800
154000
157800
146600
168400
147200
157400
161000
150200
157200
151600
148200
163400
148600
147000
163600
144400
163600
153200
152600
167400
146200
159400
162800
145000
159800
158000
152000
155800
167600
143400
158000
159000
146600
166800
145000
158400
150800
155200
156000
162000
153600
140800
164800
156000
148200
155400
161800
146200
152800
160400
148800
160200
151600
154000
153800
152600
160000
149400
147800
157200
148400
148000
165000
157800
154200
153600
163400
151600
165600
152000
153400
164000
140000
154600
160800
136600
159200
157600
144200
155200
166600
148800
152600
164800
149000
166200
154400
153600
165400
156000
151800
158400
161800
153200
148400
161000
148600
156600
164200
159400
152000
153000
161200
149200
168600
146600
156000
159200
150400
157600
160800
146400
166400
151600
157600
155800
146600
164800
145400
156200
162600
141000
164000
149400
152400
163000
150200
162600
149400
154400
154000
161800
159200
154600
165800
157000
154600
165400
143200
149200
166400
150000
166800
146200
154200
160800
152800
165000
143400
149800
161200
152400
165600
158200
147200
164200
147600
170800
141200
159800
156600
152800
153600
173400
133400
156400
168800
149600
152800
166800
158200
152400
158000
158400
151000
150600
161400
154000
152200
149400
158400
151200
155400
156400
166200
153200
149600
169600
151000
154400
165200
152400
153400
153800
153600
166800
140800
167600
156200
156000
163600
149600
169200
150800
157000
167400
147400
157400
162800
147600
151800
162000
158600
155000
144800
156600
162800
148000
167200
157400
147000
167800
150200
157000
159600
152400
163800
150400
145800
171400
145000
152400
172000
140800
161200
151800
145800
167200
142400
156000
153000
154000
164400
147400
166800
151400
146600
170000
159000
150600
152800
159400
148600
165600
150400
148000
166200
147600
164200
157000
151600
163200
148400
165600
162400
144200
165000
147200
148400
165200
146000
150200
163400
160000
148600
164200
154000
150000
150400
159400
151800
159000
159800
151200
167400
146000
154400
165800
156200
148800
155000
151600
166400
150000
156800
160600
144600
157800
164800
154800
154800
167400
145200
154000
158800
143400
166000
143000
166200
159800
143000
171400
153400
153000
156600
146400
159400
150400
142200
157000
155200
152800
153400
159800
159400
144800
158800
152000
144800
168400
136000
166200
144400
156400
158800
153600
154400
156600
137200
149600
159800
151600
162000
141600
153600
161800
147000
157200
154400
151000
160200
159800
159800
139200
163400
157400
151200
165400
154600
152400
169600
137000
160800
155400
150400
155000
167800
146000
158000
153400
144000
160800
161200
143200
166400
156000
154200
164600
144000
150200
158200
165200
141200
170200
143800
154200
157200
165600
136200
160800
166000
152600
157400
150000
151000
163600
144800
160200
162800
147800
152400
161200
149000
149400
160600
152000
153800
156600
157200
155000
159200
158600
146600
162400
152800
155000
143400
168400
147000
149800
164000
135400
156800
155000
145000
162400
150400
158200
151600
147200
168800
154200
156200
150400
152400
157800
146000
163000
153400
162200
157000
146200
172200
143000
152000
156200
132600
161200
156400
152600
163400
141000
145200
172800
138800
157800
158000
153000
151800
158200
143200
159800
158200
148200
162600
142200
164200
152000
142200
156800
154600
144400
158000
159600
141200
160400
159800
144200
161800
150600
159400
165400
142600
159000
163800
148800
154400
150800
151800
165400
142600
164400
149200
158400
157800
148800
164600
144400
153400
152200
151800
165200
146600
158800
158800
155000
161000
160200
148000
160600
154200
152400
164000
154600
145800
164000
154000
147400
164000
155600
147000
169000
147000
159400
149000
139400
158200
151000
158800
149600
163400
160400
145400
157400
162000
147800
159400
163400
152200
154800
165200
149600
164800
153600
156000
158200
147600
171400
147400
149800
162800
135000
163200
160200
141000
163400
157600
151400
158600
146400
164800
150000
148000
165800
138600
160000
161200
152400
152800
154400
168600
135600
162400
155400
154800
166600
152200
156600
148400
158200
152400
153000
161800
150000
167200
149400
143800
166600
157000
148000
153000
161200
154600
143200
167800
151600
151000
165600
138000
173600
134400
162800
152000
145400
162000
153000
160400
152600
142800
165400
139000
168600
140600
154400
159800
145800
149400
165800
157200
151400
171200
131000
168200
155000
148200
169400
156400
138000
164000
144800
151000
167000
144000
156000
150000
141600
149000
160400
150800
153800
148400
157400
148200
145600
161200
145000
161400
150600
148200
166200
156800
149000
157000
159000
141600
166800
143400
149800
167200
147600
137000
157000
153400
146000
159800
157400
149600
165000
152200
158000
158000
129000
174400
146000
154400
163200
139400
154800
149800
163800
157200
152000
167000
145800
152000
164200
143600
146600
168400
148000
161400
155800
149800
162200
150600
152000
162800
142600
159200
151800
163200
157000
152800
168200
137400
162600
145600
151000
169200
137200
167000
158200
146800
170600
142400
159000
152200
140600
161800
137000
165800
149600
143800
159800
153600
151200
154400
147400
157800
149200
160200
153200
140400
159200
161600
148600
154000
151400
169600
136000
163200
156800
141200
158600
149000
155400
154600
153600
148600
156000
156600
156600
153600
150200
155400
145200
161000
151800
144000
163000
136600
163400
149000
155200
162600
145000
149600
165000
154800
150400
162200
138600
164400
148400
150600
160400
160600
144200
164600
145400
156400
142400
157200
158600
141800
164600
153000
149600
155800
157200
145400
161400
153400
154600
157000
151000
160800
153800
146400
158600
152400
148600
160600
136400
153600
165200
156000
158600
161400
141600
173400
135200
154400
160000
156400
148800
157800
143400
167800
144000
155000
164600
146800
151200
159200
162400
142800
163800
159800
138000
169400
151000
148000
167000
137800
166000
154000
147400
162800
148600
153000
159400
142600
164200
158600
144000
164000
154200
152800
168800
137200
157600
157200
154400
160200
153200
144800
165600
161000
145600
157000
154800
154000
161200
162000
135000
159800
150800
159400
145400
152400
154800
161200
144200
155200
153000
161000
154600
149800
161200
149800
154800
164800
151600
158600
164400
150400
153600
160600
140200
168200
160600
144800
165800
159600
152600
159400
153600
161200
139800
161000
154800
150600
165800
150600
152600
154800
170000
151400
157400
159200
148200
152400
167800
138800
166000
150600
146400
165600
147600
156800
155000
161000
149600
162800
154800
149200
172400
145600
158200
155000
142400
158200
160200
140000
167400
147000
158000
156200
145000
170400
157400
146000
154000
170000
151200
159400
165800
148400
150600
157000
153800
154400
156400
151600
166200
144800
155600
161600
150000
162800
150400
146200
165600
151000
153400
159400
153000
154400
162400
160800
153800
156000
153000
156400
161800
153000
141200
167000
146200
149200
165400
152400
151600
140600
167600
145600
153600
167400
143400
158000
160000
153600
156600
157600
164600
146200
167000
152800
146200
158800
163200
153800
159200
160200
143600
168400
159800
155400
146400
163200
151600
147800
167800
154200
152600
169800
144400
158200
160800
147400
154600
167400
150200
162000
165000
147400
159200
157400
148800
143800
168200
143000
152400
166600
151400
155600
160600
154200
156000
157000
147800
163600
156800
154800
151200
167400
141600
160400
154600
149200
149800
166800
160200
140000
165400
157200
147800
155800
167200
156000
147600
169600
156600
149200
169600
152200
158800
164600
150800
165600
140800
165600
158800
143600
164000
154000
163000
152000
149600
166000
150200
148600
171600
155400
159400
156800
156400
153800
154600
163200
143400
166600
151200
156600
152000
156800
154400
156800
162800
157600
155000
150600
166000
147200
151000
165400
149800
154800
146400
148800
167000
151400
160800
164600
143400
154200
163400
156200
147800
161800
157600
142800
169000
151200
142400
168400
153800
161800
162000
149200
166400
148800
145600
157600
150600
152200
166600
148400
163000
146600
152400
170400
154000
150200
156800
159600
146200
165800
146800
148200
150600
162000
148600
164600
152000
150200
155600
145400
166600
148600
150600
152800
160000
147000
154800
141400
153200
156000
156000
154600
161200
153400
144400
158200
163800
145400
164000
143400
153200
159600
140600
166600
148200
141800
162800
144600
159400
159800
161800
145000
155800
147600
163600
157600
139000
168800
135000
161200
160000
154400
148400
164800
149400
152400
170000
142400
159600
157600
160600
142600
153600
167800
144600
157200
152600
161200
153400
153000
161200
144200
169000
138600
162200
150400
145200
165400
142200
155000
150600
148800
163600
153800
153800
156600
142800
155800
160600
149600
165400
143800
147400
167200
138000
165600
138800
147800
166200
161800
153200
158600
153600
154400
161600
135200
155600
154200
150200
0
