635520
718640
775840
876720
790400
782080
863200
874640
868400
808080
808080
799760
809120
865280
840320
810160
750880
867360
817440
808080
785200
787280
818480
849680
790400
862160
864240
788320
781040
807040
800800
907920
854880
777920
784160
833040
833040
772720
823680
818480
757120
778960
856960
813280
804960
822640
759200
763360
716560
846560
770640
778960
832000
836160
910000
841360
796640
795600
889200
767520
891280
794560
767520
763360
870480
924560
801840
835120
856960
802880
861120
934960
890240
788320
784160
828880
822640
882960
838240
882960
826800
838240
836160
802880
739440
864240
842400
825760
817440
828880
833040
755040
807040
927680
784160
780000
855920
845520
885040
795600
799760
859040
786240
847600
979680
843440
745680
818480
761280
790400
937040
874640
1017120
890240
910000
778960
801840
888160
865280
881920
811200
853840
780000
896480
812240
731120
762320
886080
812240
838240
881920
832000
804960
839280
872560
910000
900640
782080
811200
794560
848640
864240
703040
862160
820560
773760
848640
825760
743600
733200
781040
826800
968240
870480
943280
879840
934960
942240
841360
891280
876720
764400
798720
844480
858000
803920
848640
925600
783120
784160
776880
889200
888160
814320
816400
878800
807040
806000
853840
718640
845520
769600
848640
850720
802880
861120
885040
916240
832000
715520
729040
861120
783120
804960
862160
829920
723840
841360
870480
809120
869440
884000
830960
822640
850720
827840
758160
861120
829920
809120
889200
810160
720720
744640
781040
822640
854880
907920
772720
811200
845520
876720
836160
832000
803920
894400
797680
768560
899600
929760
856960
921440
787280
813280
787280
860080
839280
807040
758160
771680
755040
772720
778960
835120
897520
895440
849680
847600
842400
794560
804960
817440
839280
843440
843440
804960
864240
762320
882960
830960
867360
860080
862160
819520
837200
824720
780000
737360
809120
744640
959920
855920
893360
838240
827840
761280
827840
859040
822640
854880
809120
794560
773760
914160
858000
752960
826800
887120
807040
830960
725920
812240
764400
828880
800800
759200
951600
777920
852800
812240
826800
782080
853840
713440
809120
876720
835120
758160
832000
725920
728000
853840
686400
757120
849680
771680
807040
771680
835120
867360
826800
846560
925600
867360
826800
849680
771680
807040
891280
839280
847600
910000
847600
854880
786240
823680
710320
774800
856960
900640
793520
814320
838240
810160
835120
824720
861120
757120
887120
780000
780000
800800
797680
798720
783120
851760
758160
754000
846560
848640
803920
833040
903760
803920
819520
837200
802880
880880
897520
839280
888160
811200
954720
846560
788320
849680
912080
868400
817440
792480
849680
846560
799760
840320
882960
824720
804960
849680
869440
721760
760240
890240
823680
902720
804960
846560
845520
785200
769600
807040
849680
873600
811200
796640
920400
789360
768560
835120
841360
726960
807040
845520
773760
952640
833040
778960
828880
851760
758160
851760
921440
860080
773760
821600
856960
936000
836160
806000
862160
896480
838240
834080
859040
839280
761280
773760
846560
827840
824720
884000
937040
843440
780000
795600
741520
826800
863200
764400
853840
862160
866320
803920
813280
766480
822640
746720
804960
812240
819520
865280
813280
847600
816400
879840
816400
818480
881920
851760
825760
833040
882960
833040
795600
764400
734240
664560
887120
947440
906880
895440
780000
898560
844480
744640
824720
816400
838240
746720
776880
863200
843440
833040
889200
809120
693680
884000
790400
835120
851760
770640
810160
811200
721760
844480
849680
774800
772720
714480
794560
721760
717600
828880
718640
744640
895440
810160
746720
793520
797680
890240
765440
769600
709280
794560
776880
791440
771680
812240
806000
775840
756080
829920
844480
867360
791440
780000
858000
804960
762320
746720
740480
798720
807040
846560
815360
738400
709280
778960
705120
678080
713440
757120
824720
884000
777920
794560
780000
798720
813280
846560
818480
739440
750880
742560
754000
778960
830960
785200
714480
747760
741520
778960
774800
809120
744640
839280
771680
807040
849680
768560
740480
747760
789360
784160
788320
782080
770640
744640
798720
832000
820560
826800
952640
891280
820560
788320
825760
834080
872560
810160
824720
776880
828880
871520
824720
691600
793520
758160
794560
804960
884000
756080
765440
750880
748800
843440
826800
796640
864240
846560
807040
731120
800800
864240
798720
847600
844480
741520
821600
821600
793520
867360
842400
846560
790400
751920
821600
807040
827840
818480
820560
877760
845520
900640
819520
731120
841360
752960
926640
930800
864240
797680
897520
870480
791440
816400
819520
733200
782080
687440
765440
703040
720720
822640
881920
851760
814320
758160
740480
822640
802880
822640
881920
890240
798720
889200
828880
836160
791440
807040
826800
907920
848640
973440
771680
755040
850720
895440
932880
816400
817440
829920
816400
849680
802880
945360
875680
806000
770640
747760
886080
812240
844480
875680
850720
821600
830960
867360
754000
797680
844480
838240
916240
815360
837200
859040
848640
940160
755040
816400
845520
785200
871520
952640
872560
700960
746720
803920
832000
766480
849680
925600
790400
771680
775840
798720
808080
802880
804960
867360
904800
832000
832000
808080
802880
888160
853840
845520
794560
819520
845520
811200
858000
860080
839280
813280
793520
794560
866320
800800
843440
746720
863200
775840
746720
775840
885040
955760
869440
842400
890240
885040
832000
816400
800800
867360
853840
786240
766480
852800
832000
838240
863200
783120
837200
900640
873600
849680
890240
818480
822640
786240
777920
810160
830960
812240
888160
790400
802880
824720
790400
733200
758160
777920
871520
849680
919360
869440
764400
772720
860080
898560
773760
790400
865280
772720
810160
713440
710320
760240
739440
814320
899600
992160
983840
848640
903760
783120
887120
803920
816400
885040
884000
862160
864240
785200
879840
864240
859040
872560
877760
771680
802880
801840
815360
703040
800800
809120
919360
1002560
917280
781040
745680
818480
895440
806000
712400
900640
819520
936000
881920
856960
797680
789360
801840
859040
770640
740480
762320
794560
794560
773760
803920
834080
770640
855920
882960
778960
650000
729040
879840
784160
743600
872560
992160
797680
835120
829920
912080
875680
807040
789360
800800
778960
846560
794560
864240
845520
821600
787280
812240
841360
911040
864240
799760
853840
852800
858000
780000
893360
905840
825760
817440
837200
778960
777920
770640
848640
851760
811200
867360
822640
758160
686400
759200
710320
817440
917280
895440
954720
822640
747760
813280
870480
809120
812240
813280
790400
866320
777920
899600
923520
874640
789360
798720
785200
872560
989040
859040
859040
818480
799760
800800
845520
843440
770640
752960
795600
930800
933920
845520
793520
755040
825760
858000
802880
786240
662480
834080
865280
1020240
904800
914160
856960
787280
880880
886080
768560
916240
801840
815360
752960
801840
952640
881920
866320
844480
778960
873600
813280
785200
789360
750880
754000
829920
884000
766480
799760
807040
710320
755040
824720
833040
821600
877760
877760
850720
770640
914160
875680
756080
770640
754000
837200
813280
793520
888160
892320
876720
904800
898560
806000
752960
670800
689520
712400
810160
890240
972400
819520
835120
796640
741520
799760
788320
804960
876720
808080
777920
849680
899600
822640
823680
742560
795600
862160
956800
995280
855920
819520
850720
832000
890240
819520
792480
817440
752960
815360
861120
926640
855920
837200
824720
806000
800800
804960
728000
783120
846560
881920
747760
708240
821600
816400
744640
757120
784160
712400
759200
924560
938080
853840
906880
792480
818480
835120
898560
811200
849680
825760
890240
738400
842400
840320
756080
920400
841360
896480
804960
861120
755040
833040
807040
783120
926640
768560
851760
855920
965120
837200
830960
809120
786240
849680
853840
788320
788320
736320
945360
845520
759200
820560
838240
856960
896480
839280
904800
806000
786240
839280
929760
737360
864240
852800
786240
819520
801840
876720
880880
741520
791440
756080
912080
885040
802880
846560
754000
870480
801840
728000
788320
760240
729040
794560
808080
778960
745680
832000
869440
819520
757120
710320
669760
775840
756080
755040
746720
814320
784160
964080
790400
993200
849680
837200
730080
794560
828880
792480
738400
773760
844480
745680
765440
758160
769600
861120
757120
706160
775840
772720
789360
734240
743600
808080
776880
803920
785200
709280
855920
903760
895440
875680
826800
794560
839280
861120
836160
821600
912080
793520
845520
736320
874640
853840
845520
848640
903760
764400
764400
823680
850720
823680
769600
794560
837200
731120
802880
827840
747760
896480
901680
813280
826800
853840
815360
819520
885040
898560
836160
820560
864240
837200
860080
892320
907920
842400
832000
846560
866320
803920
801840
764400
818480
824720
815360
930800
872560
828880
825760
880880
855920
820560
811200
860080
860080
746720
936000
748800
792480
840320
763360
874640
795600
852800
849680
810160
771680
816400
838240
848640
868400
842400
864240
880880
856960
725920
817440
933920
802880
762320
806000
787280
658320
729040
833040
807040
772720
808080
803920
836160
829920
886080
910000
764400
763360
813280
838240
864240
849680
845520
771680
864240
848640
748800
733200
784160
839280
760240
830960
854880
782080
845520
855920
860080
782080
810160
887120
882960
847600
768560
918320
818480
832000
814320
855920
797680
806000
863200
893360
808080
788320
859040
780000
846560
825760
783120
794560
850720
774800
806000
815360
828880
903760
818480
827840
809120
758160
771680
901680
880880
859040
803920
839280
897520
812240
768560
896480
904800
791440
816400
844480
778960
939120
919360
837200
833040
814320
820560
872560
866320
848640
852800
829920
814320
758160
833040
768560
856960
852800
827840
862160
895440
743600
905840
904800
941200
816400
815360
787280
871520
808080
792480
848640
790400
941200
803920
760240
810160
893360
906880
813280
902720
852800
838240
885040
884000
799760
799760
822640
718640
837200
808080
882960
850720
914160
774800
846560
781040
901680
832000
847600
884000
868400
832000
788320
806000
842400
825760
815360
858000
845520
793520
769600
826800
799760
847600
819520
814320
851760
827840
867360
808080
873600
850720
845520
776880
824720
852800
802880
802880
823680
789360
825760
870480
899600
812240
837200
708240
819520
759200
820560
871520
818480
971360
826800
826800
814320
819520
840320
873600
938080
890240
867360
816400
861120
811200
841360
814320
789360
832000
830960
889200
878800
806000
933920
781040
777920
906880
849680
865280
821600
843440
856960
768560
736320
856960
826800
814320
843440
893360
863200
837200
732160
789360
852800
888160
841360
718640
801840
807040
890240
808080
852800
956800
893360
791440
844480
762320
690560
788320
795600
792480
825760
783120
829920
739440
949520
772720
743600
764400
806000
821600
841360
865280
798720
850720
993200
839280
758160
768560
767520
792480
836160
846560
833040
834080
826800
792480
800800
819520
868400
767520
771680
855920
892320
907920
879840
822640
814320
827840
748800
771680
770640
815360
843440
896480
834080
865280
843440
807040
791440
877760
940160
802880
872560
868400
880880
785200
867360
858000
733200
769600
750880
848640
803920
832000
903760
830960
838240
771680
879840
843440
842400
828880
872560
845520
799760
842400
715520
817440
845520
839280
813280
907920
781040
742560
820560
748800
866320
755040
796640
835120
828880
877760
790400
759200
764400
851760
850720
825760
837200
807040
783120
867360
890240
814320
838240
860080
826800
783120
851760
843440
793520
746720
802880
746720
758160
758160
731120
775840
786240
847600
853840
871520
824720
871520
777920
808080
784160
877760
851760
780000
776880
836160
793520
781040
872560
833040
879840
780000
833040
812240
778960
803920
838240
759200
838240
884000
845520
819520
842400
901680
925600
800800
782080
873600
839280
794560
904800
766480
884000
924560
908960
851760
871520
760240
771680
818480
781040
714480
791440
793520
846560
824720
1042080
940160
907920
782080
878800
824720
750880
800800
900640
812240
818480
799760
745680
841360
879840
796640
842400
945360
766480
884000
756080
861120
880880
878800
826800
864240
833040
755040
766480
839280
765440
677040
749840
849680
850720
922480
797680
864240
940160
762320
837200
852800
806000
846560
768560
811200
789360
754000
773760
726960
793520
820560
888160
920400
765440
813280
905840
955760
853840
824720
842400
846560
709280
762320
843440
887120
882960
841360
792480
796640
869440
867360
860080
867360
820560
817440
838240
915200
818480
810160
787280
821600
884000
826800
878800
846560
771680
826800
788320
854880
845520
920400
832000
873600
874640
818480
0
