75120
255840
87480
21840
112440
410800
272480
290160
299520
583440
255840
252720
277680
237120
287040
249600
227760
291200
281840
323440
319280
491920
299520
394160
281840
262080
240240
318240
330720
411840
464880
358800
243360
278720
287040
293280
268320
318240
287040
255840
208000
46800
40560
31200
24960
56160
212160
81120
109200
171600
87360
237120
18720
31200
3120
96720
12480
92560
72800
78000
249600
102960
159120
28080
237120
78000
62400
61360
43680
35360
68640
73840
79040
40560
112320
43680
9360
43680
18720
12480
40560
40560
31200
202800
127920
74880
9360
123760
110240
162240
12480
56160
37440
59280
102960
253760
170560
81120
227760
365040
299520
271440
28080
46800
96720
99840
34320
87360
46800
17680
300560
106080
84240
46800
31200
168480
34320
143520
21840
18720
0
37440
12480
99840
21840
148720
47840
28080
59280
135200
312000
58240
56160
212160
255840
268320
255840
243360
276640
295360
274560
262080
271440
227760
361920
239200
307840
453440
280800
299520
255840
465920
474240
314080
255840
245440
326560
287040
224640
262080
331760
342160
243360
295360
269360
292240
305760
224640
265200
134160
145600
116480
42640
82160
49920
59280
28080
44720
48880
65520
112320
37440
124800
272480
183040
115440
37440
119600
192400
149760
74880
65520
271440
268320
287040
303680
258960
50960
291200
224640
171600
24960
56160
112320
46800
37440
62400
49920
87360
24960
0
143520
21840
3120
18720
36400
242320
240240
277680
243360
237120
255840
250640
260000
265200
280800
268320
268320
334880
289120
299520
258960
454480
276640
327600
252720
142480
185120
211120
56160
156000
15600
87360
31200
124800
28080
36400
44720
156000
118560
321360
237120
53040
90480
15600
21840
3120
53040
34320
18720
0
24960
53040
78000
61360
75920
56160
34320
21840
37440
149760
49920
277680
59280
121680
37440
134160
287040
131040
49920
28080
21840
34320
218400
140400
31200
31200
18720
68640
31200
56160
23920
1040
31200
24960
18720
3120
21840
18720
28080
34320
12480
0
149760
70720
110240
56160
37440
62400
62400
31200
18720
43680
56160
68640
37440
56160
49920
37440
49920
268320
137280
18720
59280
59280
49920
62400
193440
115440
143520
202800
74880
180960
87360
43680
352560
209040
87360
37440
40560
28080
34320
59280
87360
143520
201760
82160
71760
31200
15600
21840
3120
53040
0
97760
126880
62400
89440
54080
31200
0
59280
101920
125840
43680
56160
190320
68640
9360
34320
56160
78000
187200
99840
12480
68640
135200
133120
184080
84240
56160
99840
9360
15600
56160
106080
24960
24960
143520
81120
187200
31200
15600
9360
24960
56160
56160
56160
48880
128960
93600
3120
0
49920
71760
137280
28080
37440
137280
68640
24960
0
21840
78000
59280
40560
24960
12480
56160
65520
78000
43680
93600
53040
46800
68640
68640
128960
244400
246480
22880
243360
237120
187200
62400
65520
70720
41600
55120
119600
40560
81120
56160
30160
50960
37440
74880
0
12480
0
0
0
81120
18720
0
34320
40560
0
9360
71760
246480
246480
74880
0
15600
20800
172640
68640
109200
49920
37440
12480
68640
81120
21840
9360
0
0
0
0
18720
56160
81120
24960
69680
67600
0
12480
43680
3120
46800
12480
49920
118560
255840
31200
12480
62400
0
0
0
43680
15600
40560
68640
74880
62400
0
166400
237120
225680
225680
224640
224640
93600
93600
224640
156000
149760
56160
153920
61360
15600
31200
43680
59280
28080
12480
93600
76960
85280
12480
18720
43680
37440
12480
0
92560
32240
31200
12480
56160
31200
43680
81120
197600
151840
12480
37440
24960
0
0
18720
0
56160
53040
123760
47840
87360
18720
21840
21840
31200
12480
9360
9360
12480
31200
24960
12480
18720
46800
56160
277680
171600
162240
143520
74880
70720
83200
64480
109200
93600
74880
12480
12480
24960
59280
78000
57200
234000
33280
24960
134160
72800
120640
209040
40560
119600
114400
124800
118560
95680
391040
136240
225680
65520
118560
68640
74880
435760
97760
59280
121680
0
24960
49920
40560
15600
24960
18720
0
65520
34320
74880
122720
83200
31200
121680
34320
3120
37440
105040
60320
62400
19760
105040
50960
61360
31200
31200
18720
18720
18720
32240
73840
37440
46800
64480
44720
74880
56160
65520
34320
37440
48880
52000
20800
62400
28080
187200
0
0
12480
0
0
12480
62400
293280
12480
28080
15600
0
0
0
0
31200
0
106080
53040
40560
23920
50960
12480
37440
12480
9360
3120
21840
34320
0
12480
21840
37440
102960
81120
31200
112320
34320
56160
28080
87360
0
24960
159120
65520
28080
151840
44720
18720
28080
46800
37440
59280
46800
84240
54080
44720
16640
12480
21840
40560
37440
0
24960
80080
188240
99840
74880
34320
418080
250640
255840
227760
246480
306800
276640
275600
270400
263120
300560
293280
268320
46800
101920
213200
168480
74880
31200
24960
0
24960
12480
18720
24960
26000
42640
87360
43680
43680
74880
112320
28080
78000
24960
211120
366080
65520
243360
106080
87360
84240
121680
93600
12480
28080
93600
62400
53040
24960
37440
28080
65520
19760
30160
18720
9360
21840
68640
140400
109200
55120
57200
32240
93600
61360
96720
271440
118560
49920
106080
121680
65520
71760
17680
60320
93600
96720
65520
90480
221520
106080
168480
28080
31200
59280
99840
93600
96720
156000
216320
236080
31200
64480
22880
68640
39520
75920
177840
61360
150800
37440
18720
12480
12480
0
102960
231920
40560
36400
42640
63440
93600
131040
102960
110240
73840
68640
68640
68640
74880
18720
0
81120
249600
246480
240240
246480
78000
9360
15600
34320
28080
28080
34320
0
0
12480
102960
121680
0
111280
94640
62400
0
133120
142480
240240
236080
46800
118560
81120
43680
31200
24960
93600
74880
53040
24960
9360
59280
102960
118560
45760
122720
184080
78000
24960
62400
58240
185120
84240
53040
101920
47840
62400
85280
30160
46800
37440
174720
106080
65520
137280
46800
34320
21840
18720
81120
74880
18720
31200
56160
218400
56160
2080
91520
37440
118560
18720
2080
47840
43680
184080
59280
0
49920
102960
187200
43680
96720
21840
9360
0
43680
53040
96720
7280
5200
18720
19760
8320
134160
31200
12480
18720
15600
65520
37440
49920
83200
79040
24960
12480
37440
43680
37440
31200
12480
0
18720
0
0
0
0
0
0
0
0
9360
21840
12480
0
20800
41600
31200
24960
31200
31200
56160
40560
78000
12480
12480
18720
24960
0
23920
26000
57200
23920
43680
3120
65520
59280
46800
43680
24960
18720
54080
64480
9360
46800
62400
74880
80080
57200
24960
12480
81120
62400
52000
66560
146640
49920
109200
43680
43680
34320
62400
65520
24960
18720
37440
24960
14560
38480
78000
19760
98800
24960
24960
62400
46800
3120
12480
18720
24960
15600
40560
34320
21840
31200
168480
84240
65520
21840
34320
12480
21840
15600
37440
3120
99840
78000
118560
143520
224640
0
78000
46800
243360
131040
90480
102960
83200
60320
43680
165360
37440
37440
90480
62400
131040
123760
57200
24960
49920
18720
112320
49920
31200
17680
72800
9360
24960
3120
15600
43680
12480
24960
24960
18720
48880
1040
112320
18720
18720
12480
15600
84240
18720
43680
185120
70720
93600
9360
102960
43680
0
0
56160
43680
62400
43680
78000
28080
132080
186160
137280
149760
56160
49920
47840
76960
49920
43680
24960
18720
56160
180960
224640
31200
18720
43680
237120
12480
34320
90480
85280
14560
49920
0
49920
76960
91520
62400
38480
165360
170560
24960
112320
352560
446160
249600
106080
87360
71760
99840
182000
299520
220480
12480
46800
90480
43680
43680
49920
18720
12480
24960
49920
0
24960
24960
49920
56160
12480
49920
43680
18720
43680
56160
121680
21840
31200
56160
12480
222560
76960
71760
61360
111280
101920
18720
59280
43680
62400
136240
47840
93600
213200
39520
12480
180960
55120
53040
63440
84240
62400
93600
68640
43680
55120
50960
115440
321360
59280
65520
133120
66560
260000
183040
40560
258960
188240
39520
55120
161200
23920
56160
152880
152880
87360
84240
283920
258960
42640
88400
9360
127920
31200
68640
115440
59280
90480
114400
38480
71760
37440
81120
71760
215280
274560
212160
21840
68640
134160
156000
24960
106080
71760
152880
49920
93600
24960
37440
118560
26000
327600
249600
225680
184080
22880
56160
31200
102960
84240
81120
43680
21840
90480
37440
338000
161200
224640
243360
131040
202800
240240
31200
43680
127920
65520
156000
46800
250640
45760
252720
219440
245440
90480
28080
15600
53040
56160
62400
243360
366080
158080
168480
49920
49920
43680
87360
28080
258960
104000
186160
159120
124800
165360
71760
137280
65520
53040
37440
187200
65520
115440
12480
24960
3120
49920
45760
1040
62400
0
0
0
0
0
0
0
0
0
0
0
56160
24960
28080
15600
12480
18720
0
21840
3120
18720
46800
288080
324480
152880
105040
62400
43680
0
74880
43680
135200
61360
74880
109200
62400
156000
28080
159120
143520
193440
107120
67600
127920
114400
119600
174720
145600
132080
96720
107120
223600
37440
49920
84240
34320
0
21840
28080
59280
40560
59280
109200
65520
65520
37440
31200
37440
87360
49920
93600
0
12480
49920
0
0
12480
12480
12480
46800
76960
244400
266240
226720
93600
149760
68640
40560
140400
68640
137280
37440
93600
206960
55120
37440
43680
34320
115440
205920
93600
43680
12480
33280
116480
94640
133120
62400
30160
85280
74880
15600
87360
65520
28080
40560
65520
3120
74880
62400
68640
40560
43680
78000
59280
40560
43680
62400
119600
39520
53040
74880
109200
46800
10400
83200
18720
12480
21840
134160
37440
31200
159120
106080
46800
24960
293280
243360
62400
81120
24960
53040
112320
171600
68640
184080
387920
532480
118560
42640
57200
59280
37440
35360
132080
47840
59280
59280
81120
87360
87360
87360
56160
31200
43680
59280
65520
143520
184080
183040
210080
46800
21840
109200
30160
44720
165360
271440
277680
252720
280800
249600
81120
110240
64480
106080
55120
277680
128960
112320
299520
87360
68640
46800
59280
62400
62400
56160
156000
249600
243360
224640
224640
253760
246480
277680
249600
262080
76960
62400
24960
0
24960
65520
28080
196560
46800
43680
31200
24960
12480
124800
43680
0
24960
97760
95680
62400
53040
59280
40560
65520
40560
28080
12480
12480
24960
9360
34320
12480
3120
140400
30160
38480
24960
0
31200
18720
112320
43680
49920
74880
40560
78000
56160
86320
54080
96720
31200
15600
121680
31200
21840
21840
78000
306800
305760
237120
203840
63440
34320
24960
127920
59280
57200
58240
112320
149760
219440
55120
24960
124800
21840
31200
34320
15600
31200
34320
59280
40560
264160
300560
62400
37440
15600
46800
59280
34320
106080
37440
59280
71760
28080
9360
18720
14560
85280
56160
12480
24960
28080
21840
62400
24960
37440
24960
31200
0
21840
246480
68640
78000
34320
34320
3120
24960
74880
84240
53040
24960
12480
12480
162240
62400
12480
40560
48880
60320
43680
65520
53040
53040
96720
106080
243360
184080
84240
43680
118560
224640
46800
46800
15600
40560
37440
49920
12480
81120
74880
24960
24960
12480
106080
224640
258960
84240
71760
34320
93600
105040
100880
31200
12480
24960
43680
31200
37440
43680
49920
31200
12480
21840
65520
74880
12480
0
56160
31200
24960
84240
9360
31200
37440
32240
61360
62400
37440
78000
28080
46800
28080
31200
24960
18720
18720
162240
12480
12480
24960
0
21840
15600
12480
28080
78000
24960
56160
31200
140400
24960
40560
18720
74880
0
0
0
0
24960
0
68640
43680
21840
9360
78000
112320
53040
24960
12480
12480
74880
18720
12480
0
0
