307880
398320
423280
419120
403520
386880
395200
374400
385840
406640
409760
380640
361920
405600
367120
408720
434720
399360
393120
420160
405600
380640
409760
382720
393120
403520
392080
412880
395200
397280
416000
409760
416000
376480
418080
418080
411840
411840
416000
383760
398320
432640
428480
375440
385840
397280
364000
413920
416000
418080
411840
404560
436800
400400
376480
384800
405600
420160
416000
401440
333840
406640
379600
406640
395200
403520
384800
409760
422240
408720
384800
427440
420160
409760
401440
411840
411840
416000
404560
419120
426400
409760
420160
399360
386880
366080
393120
426400
437840
383760
367120
396240
429520
431600
401440
405600
384800
400400
423280
417040
400400
403520
388960
382720
426400
374400
420160
405600
390000
394160
407680
391040
410800
427440
380640
433680
402480
399360
432640
388960
381680
371280
350480
371280
374400
380640
334880
364000
349440
405600
374400
347360
352560
375440
393120
376480
432640
393120
416000
388960
424320
416000
402480
365040
418080
386880
407680
416000
403520
409760
406640
398320
377520
417040
424320
409760
411840
413920
420160
424320
430560
395200
426400
411840
391040
419120
404560
402480
407680
412880
402480
418080
433680
403520
376480
411840
434720
361920
365040
423280
393120
395200
384800
409760
420160
419120
423280
405600
431600
412880
407680
370240
386880
440960
403520
398320
416000
423280
405600
374400
393120
432640
405600
424320
395200
413920
386880
426400
409760
412880
422240
400400
426400
428480
405600
413920
411840
409760
405600
401440
420160
418080
395200
416000
434720
405600
395200
393120
416000
418080
422240
413920
405600
399360
393120
436800
430560
406640
390000
336960
407680
405600
409760
407680
409760
388960
424320
409760
401440
397280
354640
421200
378560
379600
381680
413920
386880
324480
340080
368160
380640
371280
369200
390000
405600
391040
404560
385840
393120
397280
395200
430560
390000
411840
373360
425360
386880
418080
383760
381680
417040
424320
405600
424320
424320
404560
412880
416000
405600
412880
398320
407680
378560
401440
393120
408720
381680
395200
430560
430560
418080
404560
427440
366080
418080
412880
391040
410800
428480
422240
420160
382720
418080
420160
397280
372320
409760
420160
397280
424320
405600
418080
401440
409760
420160
416000
393120
411840
399360
350480
379600
366080
411840
399360
404560
393120
407680
404560
411840
411840
384800
387920
394160
343200
386880
413920
403520
378560
388960
401440
400400
387920
343200
422240
391040
418080
407680
393120
393120
411840
424320
395200
411840
416000
409760
411840
395200
396240
419120
407680
421200
404560
401440
405600
385840
385840
378560
400400
395200
402480
388960
376480
351520
380640
410800
375440
392080
400400
405600
397280
388960
416000
348400
414960
411840
418080
397280
392080
414960
378560
413920
409760
385840
408720
405600
386880
366080
382720
401440
393120
401440
382720
399360
377520
383760
386880
418080
374400
424320
397280
361920
359840
372320
359840
351520
368160
361920
372320
347360
378560
361920
334880
374400
397280
349440
400400
408720
413920
393120
348400
398320
418080
416000
413920
399360
411840
418080
411840
383760
403520
384800
408720
384800
370240
418080
401440
409760
392080
367120
365040
391040
376480
414960
416000
357760
411840
370240
380640
409760
382720
366080
411840
387920
392080
396240
418080
374400
416000
379600
428480
388960
384800
407680
409760
376480
402480
411840
394160
406640
412880
399360
409760
413920
405600
426400
414960
419120
399360
303680
382720
381680
396240
356720
381680
423280
401440
408720
382720
396240
375440
388960
380640
386880
405600
411840
418080
411840
405600
380640
411840
394160
390000
392080
402480
405600
402480
405600
401440
375440
374400
388960
422240
385840
412880
402480
414960
407680
348400
426400
380640
381680
407680
399360
328640
395200
383760
401440
369200
386880
403520
401440
401440
403520
397280
423280
427440
408720
397280
431600
428480
386880
432640
384800
392080
391040
402480
413920
393120
409760
411840
375440
423280
350480
414960
407680
397280
416000
413920
413920
398320
387920
390000
404560
387920
411840
406640
418080
384800
408720
378560
427440
418080
424320
421200
423280
376480
431600
398320
411840
413920
399360
442000
419120
403520
425360
400400
399360
422240
407680
411840
409760
416000
413920
408720
427440
404560
383760
414960
414960
399360
418080
432640
391040
404560
431600
426400
401440
393120
428480
391040
422240
405600
413920
413920
413920
401440
405600
418080
397280
426400
420160
424320
443040
422240
388960
391040
400400
402480
397280
410800
365040
413920
428480
399360
431600
404560
403520
397280
405600
424320
393120
405600
436800
424320
384800
432640
402480
433680
424320
393120
399360
424320
410800
381680
362960
367120
380640
397280
424320
407680
393120
393120
397280
412880
400400
345280
351520
325520
349440
355680
348400
374400
368160
418080
416000
424320
405600
420160
401440
344240
383760
419120
423280
413920
430560
422240
407680
430560
410800
419120
392080
416000
406640
418080
420160
411840
409760
424320
407680
436800
430560
399360
424320
430560
409760
404560
367120
391040
330720
382720
413920
406640
408720
426400
417040
388960
408720
402480
419120
399360
386880
380640
384800
426400
424320
399360
393120
374400
391040
385840
374400
421200
424320
407680
359840
422240
399360
420160
395200
425360
397280
406640
381680
386880
383760
374400
405600
413920
403520
359840
426400
409760
411840
418080
412880
390000
393120
406640
421200
403520
421200
379600
350480
340080
404560
398320
423280
420160
421200
393120
408720
431600
416000
394160
412880
395200
355680
407680
374400
406640
411840
418080
360880
422240
384800
424320
413920
406640
392080
397280
401440
405600
383760
399360
384800
383760
436800
338000
400400
388960
412880
386880
381680
375440
386880
391040
406640
399360
388960
434720
401440
416000
418080
404560
414960
422240
395200
374400
384800
405600
418080
395200
403520
413920
409760
388960
418080
400400
400400
384800
401440
384800
402480
412880
413920
411840
385840
419120
418080
428480
411840
407680
374400
359840
349440
370240
411840
368160
449280
368160
430560
416000
420160
436800
426400
378560
426400
411840
399360
403520
405600
402480
404560
416000
386880
380640
421200
366080
365040
312000
361920
382720
430560
396240
383760
393120
413920
391040
416000
419120
394160
401440
357760
407680
416000
413920
430560
406640
402480
424320
397280
407680
386880
411840
384800
424320
416000
384800
407680
380640
393120
408720
412880
420160
399360
378560
399360
413920
410800
418080
365040
359840
355680
349440
387920
390000
407680
424320
409760
378560
401440
395200
397280
364000
400400
421200
387920
410800
395200
352560
396240
347360
368160
376480
375440
354640
360880
369200
354640
367120
341120
347360
353600
370240
386880
365040
374400
338000
380640
344240
292240
314080
349440
370240
380640
374400
364000
367120
390000
360880
344240
356720
355680
357760
358800
378560
364000
357760
366080
374400
368160
380640
346320
352560
347360
370240
361920
372320
320320
343200
353600
380640
357760
366080
361920
328640
351520
364000
340080
351520
0
3120
13520
0
0
0
0
0
0
0
0
0
0
0
0
0
0
0
0
0
0
0
0
0
0
0
0
0
0
0
0
0
0
0
0
0
0
0
0
0
0
0
0
0
0
0
0
0
0
0
0
0
0
0
0
0
0
0
0
0
0
0
0
0
0
0
0
0
0
0
0
0
0
0
0
0
0
0
0
0
0
0
0
0
0
0
0
0
0
0
0
0
0
0
0
0
0
0
0
0
0
0
0
0
0
0
0
0
0
0
0
0
0
0
0
0
0
0
0
0
0
0
0
0
0
0
0
0
0
0
0
0
0
0
0
0
0
0
0
0
0
0
0
0
0
0
0
0
0
0
0
0
0
0
0
0
0
0
0
0
0
0
0
0
0
0
0
0
0
0
0
0
0
0
0
0
0
0
0
0
0
0
0
0
0
0
0
0
0
0
4160
0
0
1040
0
0
0
0
0
0
0
0
0
0
0
0
0
0
0
0
0
0
0
0
0
2080
0
0
0
0
0
0
0
0
0
0
0
0
0
0
0
0
0
0
0
0
0
0
0
0
0
0
0
2080
22880
1040
0
0
0
0
0
0
0
0
0
0
0
0
0
0
0
0
0
0
0
0
0
0
0
0
0
0
0
0
0
0
0
0
0
0
0
0
0
0
0
0
0
0
0
0
0
0
2080
0
0
0
0
0
0
0
0
0
0
0
0
0
0
0
0
0
0
0
2080
0
0
0
0
1040
0
0
0
0
0
0
0
0
0
0
0
0
0
2080
0
0
0
0
6240
0
0
0
0
0
0
0
0
0
0
0
0
0
0
0
0
0
0
0
0
0
0
0
0
0
0
0
0
2080
0
0
0
0
0
0
0
0
0
0
0
0
0
0
0
0
0
2080
0
0
0
0
0
0
0
0
0
0
0
0
3120
0
0
4160
0
0
0
0
1040
0
0
2080
0
0
0
0
0
0
0
10400
0
0
0
0
0
0
0
0
0
0
0
0
8320
0
0
0
0
0
0
0
0
0
0
0
1040
0
0
0
0
0
0
0
0
0
0
1040
0
0
2080
0
0
6240
0
0
0
0
0
0
0
5200
0
0
0
0
0
0
0
0
1040
0
0
0
0
0
0
0
0
0
0
0
0
0
0
0
0
0
0
0
0
0
0
0
0
18720
0
0
0
0
0
0
0
0
0
0
0
0
0
1040
0
0
0
0
0
0
0
0
0
0
0
3120
0
0
0
0
0
0
0
0
0
0
0
0
0
0
0
0
0
0
0
0
1040
0
0
0
0
0
0
0
0
1040
0
0
0
0
0
0
0
0
0
0
0
1040
0
0
0
0
0
0
0
0
0
0
0
0
5200
0
0
0
0
0
0
0
0
0
0
0
0
0
0
0
0
0
0
0
2080
4160
0
0
0
0
0
0
0
0
0
0
0
0
0
0
0
0
0
0
0
0
0
0
0
0
0
0
0
0
2080
0
0
0
0
0
0
0
0
0
2080
0
0
0
0
0
0
0
0
0
0
0
0
0
0
0
0
0
1040
0
0
0
0
2080
0
0
0
2080
14560
0
0
0
0
0
0
0
0
0
0
7280
0
0
0
0
0
0
0
0
0
0
0
0
0
0
0
0
0
0
0
0
0
0
0
0
0
0
0
0
0
0
0
0
6240
0
0
0
2080
0
0
0
0
0
2080
0
0
0
0
0
0
2080
0
0
0
0
0
0
0
0
0
0
0
0
0
0
0
0
0
0
0
0
16640
0
0
0
0
0
0
0
0
0
0
4160
0
0
2080
0
0
0
0
0
0
0
0
0
0
0
0
0
0
0
0
0
0
0
0
0
0
0
0
2080
0
